-2.1980292797088623 -257.06951904296875 -0.0009703825926408172 -0.6915130472150648 0.0 0.0 0.7223639702610697
-2.1980292797088623 -257.06951904296875 -0.0009703825926408172 -0.6755902076710318 0.0 0.0 0.7372773367593853
-2.1980292797088623 -257.06951904296875 -0.0009703825926408172 -0.6593458167997907 0.0 0.0 0.7518398059883613
-2.1980292797088623 -257.06951904296875 -0.0009703825926408172 -0.6427874627036134 0.0 0.0 0.7660445664522729
-2.1980292797088623 -257.06951904296875 -0.0009703825926408172 -0.6259231490376648 0.0 0.0 0.7798847424451727
-2.1980292797088623 -257.06951904296875 -0.0009703825926408172 -0.6087611445028882 0.0 0.0 0.7933535586001577
-2.1980292797088623 -257.06951904296875 -0.0009703825926408172 -0.5913095584443568 0.0 0.0 0.8064446701989789
-2.1980292797088623 -257.06951904296875 -0.0009703825926408172 -0.5735765572671523 0.0 0.0 0.8191519596226094
-2.1980292797088623 -257.06951904296875 -0.0009703825926408172 -0.5555705041727886 0.0 0.0 0.8314694311237145
-2.1980292797088623 -257.06951904296875 -0.0009703825926408172 -0.5372998792441073 0.0 0.0 0.8433912732322215
-2.1980292797088623 -257.06951904296875 -0.0009703825926408172 -0.5187735271317627 0.0 0.0 0.8549117074571329
-2.1980292797088623 -257.06951904296875 -0.0009703825926408172 -0.4999999783682524 0.0 0.0 0.8660254162735337
-2.1980292797088623 -257.06951904296875 -0.0009703825926408172 -0.48098845087559944 0.0 0.0 0.8767269301922299
-2.1980292797088623 -257.06951904296875 -0.0009703825926408172 -0.4617487098702124 0.0 0.0 0.8870107828731252
-2.1980292797088623 -257.06951904296875 -0.0009703825926408172 -0.4422888933064181 0.0 0.0 0.8968726413810291
-2.1980292797088623 -257.06951904296875 -0.0009703825926408172 -0.4422888933064181 0.0 0.0 0.8968726413810291
-2.1980292797088623 -257.06951904296875 -0.0009703825926408172 -0.40274668435715544 0.0 0.0 0.915311481540201
-2.1980292797088623 -257.06951904296875 -0.0009703825926408172 -0.38268342909041575 0.0 0.0 0.9238795338677012
-2.1980292797088623 -257.06951904296875 -0.0009703825926408172 -0.36243826479434127 0.0 0.0 0.9320077811975965
-2.1980292797088623 -257.06951904296875 -0.0009703825926408172 -0.3420201562674701 0.0 0.0 0.9396926160754778
-2.1980292797088623 -257.06951904296875 -0.0009703825926408172 -0.32143946906640536 0.0 0.0 0.9469301282176565
-2.1980292797088623 -257.06951904296875 -0.0009703825926408172 -0.30070604801148876 0.0 0.0 0.9537168723941672
-2.1980292797088623 -257.06951904296875 -0.0009703825926408172 -0.27982936585964846 0.0 0.0 0.9600497518371571
-2.1980292797088623 -257.06951904296875 -0.0009703825926408172 -0.2588193082623183 0.0 0.0 0.9659257557755747
-2.1980292797088623 -257.06951904296875 -0.0009703825926408172 -0.23768591727614732 0.0 0.0 0.9713420637080412
-2.1980292797088623 -257.06951904296875 -0.0009703825926408172 -0.21643941271779796 0.0 0.0 0.9762960517293793
-2.1980292797088623 -257.06951904296875 -0.0009703825926408172 -0.19509012890499652 0.0 0.0 0.9807853188154031
-2.1980292797088623 -257.06951904296875 -0.0009703825926408172 -0.17364834039607174 0.0 0.0 0.984807724318656
-2.1980292797088623 -257.06951904296875 -0.0009703825926408172 -0.15212390645569784 0.0 0.0 0.988361430391058
-2.1980292797088623 -257.06951904296875 -0.0009703825926408172 -0.13052671024375886 0.0 0.0 0.9914447931745579
-2.1980292797088623 -257.06951904296875 -0.0009703825926408172 -0.10886740168060098 0.0 0.0 0.9940562805250589
-2.1980292797088623 -257.06951904296875 -0.0009703825926408172 -0.0871561576336335 0.0 0.0 0.996194661793839
-2.1980292797088623 -257.06951904296875 -0.0009703825926408172 -0.06540343356724862 0.0 0.0 0.9978589032912492
-2.1980292797088623 -257.06951904296875 -0.0009703825926408172 -0.04361969048501859 0.0 0.0 0.9990482083473206
-2.1980292797088623 -257.06951904296875 -0.0009703825926408172 -0.02181519442860609 0.0 0.0 0.9997620203288592
-2.1980292797088623 -257.06951904296875 -0.0009703825926408172 3.13916473260163e-07 0.0 0.0 0.9999999999999507
-2.1980292797088623 -257.06951904296875 -0.0009703825926408172 0.021815074597544303 0.0 0.0 0.9997620229436122
-2.1980292797088623 -257.06951904296875 -0.0009703825926408172 0.04361957511093607 0.0 0.0 0.9990482133846902
-2.1980292797088623 -257.06951904296875 -0.0009703825926408172 0.06540331266402473 0.0 0.0 0.9978589112156948
-2.1980292797088623 -257.06951904296875 -0.0009703825926408172 0.0871561576336335 0.0 0.0 0.996194661793839
-2.1980292797088623 -257.06951904296875 -0.0009703825926408172 0.10886728734165384 0.0 0.0 0.994056293047265
-2.1980292797088623 -257.06951904296875 -0.0009703825926408172 0.1305265881643322 0.0 0.0 0.9914448092466766
-2.1980292797088623 -257.06951904296875 -0.0009703825926408172 0.1521236617446797 0.0 0.0 0.988361468055787
-2.1980292797088623 -257.06951904296875 -0.0009703825926408172 0.17364834039607174 0.0 0.0 0.984807724318656
-2.1980292797088623 -257.06951904296875 -0.0009703825926408172 0.19509012890499652 0.0 0.0 0.9807853188154031
-2.1980292797088623 -257.06951904296875 -0.0009703825926408172 0.21643918324498926 0.0 0.0 0.9762961026021982
-2.1980292797088623 -257.06951904296875 -0.0009703825926408172 0.23768580179009244 0.0 0.0 0.9713420919672949
-2.1980292797088623 -257.06951904296875 -0.0009703825926408172 0.2588193082623183 0.0 0.0 0.9659257557755747
-2.1980292797088623 -257.06951904296875 -0.0009703825926408172 0.2798292633453842 0.0 0.0 0.9600497817173751
-2.1980292797088623 -257.06951904296875 -0.0009703825926408172 0.30070591639610184 0.0 0.0 0.953716913892367
-2.1980292797088623 -257.06951904296875 -0.0009703825926408172 0.3214393556653297 0.0 0.0 0.9469301667121275
-2.1980292797088623 -257.06951904296875 -0.0009703825926408172 0.34202004167342315 0.0 0.0 0.9396926577842938
-2.1980292797088623 -257.06951904296875 -0.0009703825926408172 0.36243826479434127 0.0 0.0 0.9320077811975965
-2.1980292797088623 -257.06951904296875 -0.0009703825926408172 0.38268331227458574 0.0 0.0 0.9238795822543932
-2.1980292797088623 -257.06951904296875 -0.0009703825926408172 0.40274647594841023 0.0 0.0 0.9153115732422139
-2.1980292797088623 -257.06951904296875 -0.0009703825926408172 0.4226184645715248 0.0 0.0 0.9063076924550552
-2.1980292797088623 -257.06951904296875 -0.0009703825926408172 0.4422887735760484 0.0 0.0 0.896872700425537
-2.1980292797088623 -257.06951904296875 -0.0009703825926408172 0.4617487098702124 0.0 0.0 0.8870107828731252
-2.1980292797088623 -257.06951904296875 -0.0009703825926408172 0.48098831515181656 0.0 0.0 0.8767270046527692
-2.1980292797088623 -257.06951904296875 -0.0009703825926408172 0.4999999783682524 0.0 0.0 0.8660254162735337
-2.1980292797088623 -257.06951904296875 -0.0009703825926408172 0.5187733424721223 0.0 0.0 0.8549118195114056
-2.1980292797088623 -257.06951904296875 -0.0009703825926408172 0.5372998792441073 0.0 0.0 0.8433912732322215
-2.1980292797088623 -257.06951904296875 -0.0009703825926408172 0.5555703966628337 0.0 0.0 0.8314695029596104
-2.1980292797088623 -257.06951904296875 -0.0009703825926408172 0.5735765572671523 0.0 0.0 0.8191519596226094
-2.1980292797088623 -257.06951904296875 -0.0009703825926408172 0.5913094639208446 0.0 0.0 0.8064447395064608
-2.1980292797088623 -257.06951904296875 -0.0009703825926408172 0.6087611445028882 0.0 0.0 0.7933535586001577
-2.1980292797088623 -257.06951904296875 -0.0009703825926408172 0.6259229533212217 0.0 0.0 0.7798848995240514
-2.1980292797088623 -257.06951904296875 -0.0009703825926408172 0.6427872866212505 0.0 0.0 0.7660447142028267
-2.1980292797088623 -257.06951904296875 -0.0009703825926408172 0.6593456814055202 0.0 0.0 0.7518399247259288
-2.1980292797088623 -257.06951904296875 -0.0009703825926408172 0.6755902076710318 0.0 0.0 0.7372773367593853
-2.1980292797088623 -257.06951904296875 -0.0009703825926408172 0.6915130472150648 0.0 0.0 0.7223639702610697
-2.1980292797088623 -257.06951904296875 -0.0009703825926408172 0.7071068500259224 0.0 0.0 0.7071067123471658
-2.1980292797088623 -257.06951904296875 -0.0009703825926408172 0.7223639801253358 0.0 0.0 0.6915130369107175
-2.1980292797088623 -257.06951904296875 -0.0009703825926408172 0.7372774399165221 0.0 0.0 0.6755900950947543
-2.1980292797088623 -257.06951904296875 -0.0009703825926408172 0.7518399031851655 0.0 0.0 0.6593457059680612
-2.1980292797088623 -257.06951904296875 -0.0009703825926408172 0.7660445744894007 0.0 0.0 0.6427874531253338
-2.1980292797088623 -257.06951904296875 -0.0009703825926408172 0.7798845965947255 0.0 0.0 0.6259233307636664
-2.1980292797088623 -257.06951904296875 -0.0009703825926408172 0.7933534917333936 0.0 0.0 0.6087612316454063
-2.1980292797088623 -257.06951904296875 -0.0009703825926408172 0.8064446396553053 0.0 0.0 0.5913096001006789
-2.1980292797088623 -257.06951904296875 -0.0009703825926408172 0.819152047672226 0.0 0.0 0.5735764315192867
-2.1980292797088623 -257.06951904296875 -0.0009703825926408172 0.8314695471749707 0.0 0.0 0.5555703304898931
-2.1980292797088623 -257.06951904296875 -0.0009703825926408172 0.8433912106028163 0.0 0.0 0.5372999775524989
-2.1980292797088623 -257.06951904296875 -0.0009703825926408172 0.8549118396629328 0.0 0.0 0.5187733092634391
-2.1980292797088623 -257.06951904296875 -0.0009703825926408172 0.8660254162735337 0.0 0.0 0.4999999783682524
-2.1980292797088623 -257.06951904296875 -0.0009703825926408172 0.8767268256686511 0.0 0.0 0.4809886413970403
-2.1980292797088623 -257.06951904296875 -0.0009703825926408172 0.8870108737359391 0.0 0.0 0.46174853532437526
-2.1980292797088623 -257.06951904296875 -0.0009703825926408172 0.8968725561547098 0.0 0.0 0.4422890661281565
-2.1980292797088623 -257.06951904296875 -0.0009703825926408172 0.9063076496455631 0.0 0.0 0.4226185563767109
-2.1980292797088623 -257.06951904296875 -0.0009703825926408172 0.9153115333926075 0.0 0.0 0.4027465665135749
-2.1980292797088623 -257.06951904296875 -0.0009703825926408172 0.9238794370942578 0.0 0.0 0.3826836627220942
-2.1980292797088623 -257.06951904296875 -0.0009703825926408172 0.9320077061876735 0.0 0.0 0.36243845768184046
-2.1980292797088623 -257.06951904296875 -0.0009703825926408172 0.9396926679772848 0.0 0.0 0.3420200136683997
-2.1980292797088623 -257.06951904296875 -0.0009703825926408172 0.9469301795436139 0.0 0.0 0.3214393178649732
-2.1980292797088623 -257.06951904296875 -0.0009703825926408172 0.9537168516450598 0.0 0.0 0.3007061138191822
-2.1980292797088623 -257.06951904296875 -0.0009703825926408172 0.9600497410668264 0.0 0.0 0.27982940281092605
-2.1980292797088623 -257.06951904296875 -0.0009703825926408172 0.9659257459953514 0.0 0.0 0.2588193447625658
-2.1980292797088623 -257.06951904296875 -0.0009703825926408172 0.9713420990508834 0.0 0.0 0.23768577284184217
-2.1980292797088623 -257.06951904296875 -0.0009703825926408172 0.9762960452789816 0.0 0.0 0.21643944181368774
-2.1980292797088623 -257.06951904296875 -0.0009703825926408172 0.98078530603062 0.0 0.0 0.1950901931784967
-2.1980292797088623 -257.06951904296875 -0.0009703825926408172 0.9848077130558912 0.0 0.0 0.17364840427031136
-2.1980292797088623 -257.06951904296875 -0.0009703825926408172 0.9883614589885082 0.0 0.0 0.15212372065561397
-2.1980292797088623 -257.06951904296875 -0.0009703825926408172 0.9914448048445512 0.0 0.0 0.13052662160168604
-2.1980292797088623 -257.06951904296875 -0.0009703825926408172 0.9940562914250158 0.0 0.0 0.10886730215424685
-2.1980292797088623 -257.06951904296875 -0.0009703825926408172 0.9961946637419307 0.0 0.0 0.0871561353669476
-2.1980292797088623 -257.06951904296875 -0.0009703825926408172 0.997858902316662 0.0 0.0 0.06540344843650507
-2.1980292797088623 -257.06951904296875 -0.0009703825926408172 0.9990482086723126 0.0 0.0 0.04361968304152945
-2.1980292797088623 -257.06951904296875 -0.0009703825926408172 0.9997620270476024 0.0 0.0 0.021814886515155653
-2.1980292797088623 -257.06951904296875 -0.0009703825926408172 1.0 0.0 0.0 0.0
-2.1980292797088623 -257.06951904296875 -0.0009703825926408172 0.999762027006969 0.0 0.0 -0.02181488837735753
-2.1980292797088623 -257.06951904296875 -0.0009703825926408172 0.9990482195595123 0.0 0.0 -0.04361943368463898
-2.1980292797088623 -257.06951904296875 -0.0009703825926408172 0.9978589141394497 0.0 0.0 -0.06540326805625536
-2.1980292797088623 -257.06951904296875 -0.0009703825926408172 0.9961946763070815 0.0 0.0 -0.08715599174714954
-2.1980292797088623 -257.06951904296875 -0.0009703825926408172 0.9940563031360861 0.0 0.0 -0.10886719522159893
-2.1980292797088623 -257.06951904296875 -0.0009703825926408172 0.9914448189716625 0.0 0.0 -0.13052651429593706
-2.1980292797088623 -257.06951904296875 -0.0009703825926408172 0.9883614898527391 0.0 0.0 -0.15212352012780284
-2.1980292797088623 -257.06951904296875 -0.0009703825926408172 0.9848077658695992 0.0 0.0 -0.17364810474902614
-2.1980292797088623 -257.06951904296875 -0.0009703825926408172 0.9807853316001814 0.0 0.0 -0.1950900646314978
-2.1980292797088623 -257.06951904296875 -0.0009703825926408172 0.9762960882714011 0.0 0.0 -0.21643924788716207
-2.1980292797088623 -257.06951904296875 -0.0009703825926408172 0.9713421273101179 0.0 0.0 -0.23768565735579109
-2.1980292797088623 -257.06951904296875 -0.0009703825926408172 0.9659258082564688 0.0 0.0 -0.25881911240108896
-2.1980292797088623 -257.06951904296875 -0.0009703825926408172 0.9600497709470494 0.0 0.0 -0.2798293002966596
-2.1980292797088623 -257.06951904296875 -0.0009703825926408172 0.9537169374670833 0.0 0.0 -0.3007058416266757
-2.1980292797088623 -257.06951904296875 -0.0009703825926408172 0.9469302276176949 0.0 0.0 -0.3214391762431902
-2.1980292797088623 -257.06951904296875 -0.0009703825926408172 0.9396927198790654 0.0 0.0 -0.3420198710693345
-2.1980292797088623 -257.06951904296875 -0.0009703825926408172 0.9320077661956162 0.0 0.0 -0.3624383033718395
-2.1980292797088623 -257.06951904296875 -0.0009703825926408172 0.923879566125498 0.0 0.0 -0.3826833512131951
-2.1980292797088623 -257.06951904296875 -0.0009703825926408172 0.9153115905263393 0.0 0.0 -0.40274643666722015
-2.1980292797088623 -257.06951904296875 -0.0009703825926408172 0.9063076865819011 0.0 0.0 -0.4226184771665368
-2.1980292797088623 -257.06951904296875 -0.0009703825926408172 0.8968726151992501 0.0 0.0 -0.4422889463977796
-2.1980292797088623 -257.06951904296875 -0.0009703825926408172 0.8870109018243445 0.0 0.0 -0.461748481367035
-2.1980292797088623 -257.06951904296875 -0.0009703825926408172 0.8767269523910106 0.0 0.0 -0.48098841041252816
-2.1980292797088623 -257.06951904296875 -0.0009703825926408172 0.8660254804885957 0.0 0.0 -0.4999998671444794
-2.1980292797088623 -257.06951904296875 -0.0009703825926408172 0.8549117759054843 0.0 0.0 -0.5187734143324337
-2.1980292797088623 -257.06951904296875 -0.0009703825926408172 0.8433912783328593 0.0 0.0 -0.5372998712377152
-2.1980292797088623 -257.06951904296875 -0.0009703825926408172 0.8314694698074737 0.0 0.0 -0.5555704462784883
-2.1980292797088623 -257.06951904296875 -0.0009703825926408172 0.819152047672226 0.0 0.0 -0.5735764315192867
-2.1980292797088623 -257.06951904296875 -0.0009703825926408172 0.8064447201245566 0.0 0.0 -0.5913094903544384
-2.1980292797088623 -257.06951904296875 -0.0009703825926408172 0.7933536853730208 0.0 0.0 -0.608760979289118
-2.1980292797088623 -257.06951904296875 -0.0009703825926408172 0.7798846751342285 0.0 0.0 -0.6259232329054251
-2.1980292797088623 -257.06951904296875 -0.0009703825926408172 0.7660446387864092 0.0 0.0 -0.6427873764991031
-2.1980292797088623 -257.06951904296875 -0.0009703825926408172 0.7518399917656301 0.0 0.0 -0.6593456049613566
-2.1980292797088623 -257.06951904296875 -0.0009703825926408172 0.7372774768156135 0.0 0.0 -0.6755900548264477
-2.1980292797088623 -257.06951904296875 -0.0009703825926408172 0.7223639801253358 0.0 0.0 -0.6915130369107175
-2.1980292797088623 -257.06951904296875 -0.0009703825926408172 0.7071068921727548 0.0 0.0 -0.7071066702003227
-2.1980292797088623 -257.06951904296875 -0.0009703825926408172 -0.6915130472150648 0.0 0.0 0.7223639702610697
-2.1980292797088623 -257.06951904296875 -0.0009703825926408172 -0.6755902076710318 0.0 0.0 0.7372773367593853
-2.1980292797088623 -257.06951904296875 -0.0009703825926408172 -0.6593458167997907 0.0 0.0 0.7518398059883613
-2.1980292797088623 -257.06951904296875 -0.0009703825926408172 -0.6427874627036134 0.0 0.0 0.7660445664522729
-2.1980292797088623 -257.06951904296875 -0.0009703825926408172 -0.6259231490376648 0.0 0.0 0.7798847424451727
-2.1980292797088623 -257.06951904296875 -0.0009703825926408172 -0.6087611445028882 0.0 0.0 0.7933535586001577
-2.1980292797088623 -257.06951904296875 -0.0009703825926408172 -0.5913095584443568 0.0 0.0 0.8064446701989789
-2.1980292797088623 -257.06951904296875 -0.0009703825926408172 -0.5735765572671523 0.0 0.0 0.8191519596226094
-2.1980292797088623 -257.06951904296875 -0.0009703825926408172 -0.5555705041727886 0.0 0.0 0.8314694311237145
-2.1980292797088623 -257.06951904296875 -0.0009703825926408172 -0.5372998792441073 0.0 0.0 0.8433912732322215
-2.1980292797088623 -257.06951904296875 -0.0009703825926408172 -0.5187735271317627 0.0 0.0 0.8549117074571329
-2.1980292797088623 -257.06951904296875 -0.0009703825926408172 -0.4999999783682524 0.0 0.0 0.8660254162735337
-2.1980292797088623 -257.06951904296875 -0.0009703825926408172 -0.48098845087559944 0.0 0.0 0.8767269301922299
-2.1980292797088623 -257.06951904296875 -0.0009703825926408172 -0.4617487098702124 0.0 0.0 0.8870107828731252
-2.1980292797088623 -257.06951904296875 -0.0009703825926408172 -0.4422888933064181 0.0 0.0 0.8968726413810291
-2.1980292797088623 -257.06951904296875 -0.0009703825926408172 -0.4226184645715248 0.0 0.0 0.9063076924550552
-2.1980292797088623 -257.06951904296875 -0.0009703825926408172 -0.40274668435715544 0.0 0.0 0.915311481540201
-2.1980292797088623 -257.06951904296875 -0.0009703825926408172 -0.38268342909041575 0.0 0.0 0.9238795338677012
-2.1980292797088623 -257.06951904296875 -0.0009703825926408172 -0.36243826479434127 0.0 0.0 0.9320077811975965
-2.1980292797088623 -257.06951904296875 -0.0009703825926408172 -0.3420201562674701 0.0 0.0 0.9396926160754778
-2.1980292797088623 -257.06951904296875 -0.0009703825926408172 -0.32143946906640536 0.0 0.0 0.9469301282176565
-2.1980292797088623 -257.06951904296875 -0.0009703825926408172 -0.30070604801148876 0.0 0.0 0.9537168723941672
-2.1980292797088623 -257.06951904296875 -0.0009703825926408172 -0.27982936585964846 0.0 0.0 0.9600497518371571
-2.1980292797088623 -257.06951904296875 -0.0009703825926408172 -0.2588193082623183 0.0 0.0 0.9659257557755747
-2.1980292797088623 -257.06951904296875 -0.0009703825926408172 -0.23768591727614732 0.0 0.0 0.9713420637080412
-2.1980292797088623 -257.06951904296875 -0.0009703825926408172 -0.21643941271779796 0.0 0.0 0.9762960517293793
-2.1980292797088623 -257.06951904296875 -0.0009703825926408172 -0.21643941271779796 0.0 0.0 0.9762960517293793
-2.1980292797088623 -257.06951904296875 -0.0009703825926408172 -0.21643941271779796 0.0 0.0 0.9762960517293793
-2.1980292797088623 -257.06951904296875 -0.0009703825926408172 -0.21643941271779796 0.0 0.0 0.9762960517293793
-2.1980292797088623 -257.06951904296875 -0.0009703825926408172 -0.21643941271779796 0.0 0.0 0.9762960517293793
-2.1980292797088623 -257.06951904296875 -0.0009703825926408172 -0.21643941271779796 0.0 0.0 0.9762960517293793
-2.1980292797088623 -257.06951904296875 -0.0009703825926408172 -0.21643941271779796 0.0 0.0 0.9762960517293793
-2.1980292797088623 -257.06951904296875 -0.0009703825926408172 -0.21643941271779796 0.0 0.0 0.9762960517293793
-2.1980292797088623 -257.06951904296875 -0.0009703825926408172 -0.21643941271779796 0.0 0.0 0.9762960517293793
-2.1980292797088623 -257.06951904296875 -0.0009703825926408172 -0.21643941271779796 0.0 0.0 0.9762960517293793
-2.1980292797088623 -257.06951904296875 -0.0009703825926408172 -0.21643941271779796 0.0 0.0 0.9762960517293793
-2.1980292797088623 -257.06951904296875 -0.0009703825926408172 -0.21643941271779796 0.0 0.0 0.9762960517293793
-2.1980292797088623 -257.06951904296875 -0.0009703825926408172 -0.21643941271779796 0.0 0.0 0.9762960517293793
-2.1980292797088623 -257.06951904296875 -0.0009703825926408172 -0.21643941271779796 0.0 0.0 0.9762960517293793
-2.1980292797088623 -257.06951904296875 -0.0009703825926408172 -0.21643941271779796 0.0 0.0 0.9762960517293793
-2.1980292797088623 -257.06951904296875 -0.0009703825926408172 -0.21643941271779796 0.0 0.0 0.9762960517293793
-2.1980292797088623 -257.06951904296875 -0.0009703825926408172 -0.21643941271779796 0.0 0.0 0.9762960517293793
-2.1980292797088623 -257.06951904296875 -0.0009703825926408172 -0.21643941271779796 0.0 0.0 0.9762960517293793
-2.1980292797088623 -257.06951904296875 -0.0009703825926408172 -0.21643941271779796 0.0 0.0 0.9762960517293793
-2.1980292797088623 -257.06951904296875 -0.0009703825926408172 -0.21643941271779796 0.0 0.0 0.9762960517293793
-2.1980292797088623 -257.06951904296875 -0.0009703825926408172 -0.21643941271779796 0.0 0.0 0.9762960517293793
-2.1980292797088623 -257.06951904296875 -0.0009703825926408172 -0.21643941271779796 0.0 0.0 0.9762960517293793
-2.1980292797088623 -257.06951904296875 -0.0009703825926408172 -0.21643941271779796 0.0 0.0 0.9762960517293793
-2.1980292797088623 -257.06951904296875 -0.0009703825926408172 -0.21643941271779796 0.0 0.0 0.9762960517293793
-2.1980292797088623 -257.06951904296875 -0.0009703825926408172 -0.21643941271779796 0.0 0.0 0.9762960517293793
-2.1980292797088623 -257.06951904296875 -0.0009703825926408172 -0.21643941271779796 0.0 0.0 0.9762960517293793
-2.1980292797088623 -257.06951904296875 -0.0009703825926408172 -0.21643941271779796 0.0 0.0 0.9762960517293793
-2.1980292797088623 -257.06951904296875 -0.0009703825926408172 -0.21643941271779796 0.0 0.0 0.9762960517293793
-2.1980292797088623 -257.06951904296875 -0.0009703825926408172 -0.21643941271779796 0.0 0.0 0.9762960517293793
-2.1980292797088623 -257.06951904296875 -0.0009703825926408172 -0.21643941271779796 0.0 0.0 0.9762960517293793
-2.1980292797088623 -257.06951904296875 -0.0009703825926408172 -0.21643941271779796 0.0 0.0 0.9762960517293793
