-2.1980292797088623 -250.0695037841797 -0.0006951522664166987 0.7071068921727548 0.0 0.0 -0.7071066702003227
-2.1980292797088623 -250.0695037841797 -0.0006832504295744002 0.7071068921727548 0.0 0.0 -0.7071066702003227
-2.1980292797088623 -250.0695037841797 -0.0005029296735301614 0.7071068921727548 0.0 0.0 -0.7071066702003227
-2.1980292797088623 -250.0695037841797 -0.00025501250638626516 0.7071068921727548 0.0 0.0 -0.7071066702003227
-2.1980292797088623 -250.0695037841797 -5.676269574905746e-05 0.7071068921727548 0.0 0.0 -0.7071066702003227
-2.1980292797088623 -250.0695037841797 4.966735650668852e-05 0.7071068921727548 0.0 0.0 -0.7071066702003227
-2.1980292797088623 -250.0695037841797 7.503509550588205e-05 0.7071068921727548 0.0 0.0 -0.7071066702003227
-2.1980292797088623 -250.0695037841797 5.867004438186996e-05 0.7071068921727548 0.0 0.0 -0.7071066702003227
-2.1980292797088623 -250.0695037841797 3.475189078017138e-05 0.7071068921727548 0.0 0.0 -0.7071066702003227
-2.1980292797088623 -250.0695037841797 4.1961669694501325e-07 0.7071068921727548 0.0 0.0 -0.7071066702003227
-2.1980292797088623 -250.0695037841797 -2.7389525712351315e-05 0.7071068921727548 0.0 0.0 -0.7071066702003227
-2.1980292797088623 -250.0695037841797 -4.081726001459174e-05 0.7071068921727548 0.0 0.0 -0.7071066702003227
-2.1980292797088623 -250.0695037841797 -3.849029599223286e-05 0.7071068921727548 0.0 0.0 -0.7071066702003227
-2.1980292797088623 -250.0695037841797 -3.5057066270383075e-05 0.7071068921727548 0.0 0.0 -0.7071066702003227
-2.1980292797088623 -250.07083129882812 -0.00022369384532794356 0.7071069335401908 -3.3199726976990954e-05 -3.32237010576885e-05 -0.707106627272968
-2.1980295181274414 -250.13720703125 -0.006561241112649441 0.7071059258839474 -0.0011432116506470437 -0.0011432537732958493 -0.7071057881376288
-2.1980292797088623 -250.23439025878906 -0.009689445607364178 0.7071049120126597 -0.0016911439711993314 -0.0016912214247711166 -0.7071046055639362
-2.1980292797088623 -250.3408203125 -0.0084658432751894 0.707105434884021 -0.0014765237923705361 -0.0014766194389216165 -0.7071050441271104
-2.1980292797088623 -250.4539337158203 -0.00550422677770257 0.7071062860493261 -0.0009574923355946593 -0.0009575754801890904 -0.7071059796714743
-2.1980292797088623 -250.57310485839844 -0.002773399231955409 0.7071068139316936 -0.00047943566408717957 -0.0004794892298708155 -0.7071064233359018
-2.1980295181274414 -250.69786071777344 -0.0010901259956881404 0.7071068258554231 -0.00018488438168303648 -0.0001849120765507153 -0.7071066881694431
-2.1980295181274414 -250.827880859375 -0.00044456482282839715 0.7071069306602278 -7.1938161619279e-05 -7.195116816246478e-05 -0.7071066243928154
-2.1980295181274414 -250.96261596679688 -0.00045948027400299907 0.7071069303805604 -7.463650852693932e-05 -7.464761777709472e-05 -0.7071066241132987
-2.1980295181274414 -251.1016387939453 -0.0007310485816560686 -0.70710675517013 0.0001222173401054983 0.00012223436431142677 0.7071067860758034
-2.1980295181274414 -251.2447052001953 -0.0009894180111587048 -0.7071067459285272 0.00016735195805772716 0.00016737828223191412 0.7071067768309126
-2.1980295181274414 -251.39154052734375 -0.0011217116843909025 0.7071068243450583 -0.00019057338223485947 -0.00019060268341245556 -0.7071066866584206
-2.1980295181274414 -251.54177856445312 -0.0011252593249082565 0.7071068241517418 -0.00019128932290719114 -0.00019131977667700671 -0.7071066864647623
-2.1980295181274414 -251.6951904296875 -0.0010474777081981301 0.7071068277247339 -0.00017759119775528155 -0.00017762245146092572 -0.7071066900381406
-2.1980295181274414 -251.85179138183594 -0.0009403228759765625 -0.7071067478830132 0.0001588792530248063 0.00015890795450623324 0.7071067787851802
-2.1980295181274414 -252.01104736328125 -0.0008390807779505849 -0.7071067516471126 0.00014113602215589944 0.00014116357195874624 0.7071067825502296
-2.1980295181274414 -252.1727752685547 -0.0007587051368318498 -0.7071067543165147 0.0001270601118054853 0.000127085367605399 0.7071067852205928
-2.1980295181274414 -252.33714294433594 -0.0006995773292146623 0.7071069246908307 -0.00011669230902886294 -0.0001167169212230558 -0.7071066184206886
-2.1980295181274414 -252.503662109375 -0.0006554412539117038 0.7071069259216037 -0.00010897945292126347 -0.00010900403090507542 -0.7071066196517324
-2.1980295181274414 -252.6722412109375 -0.0006192398141138256 0.7071069268678531 -0.00010265636204682107 -0.00010268308785392191 -0.7071066205978809
-2.1980295181274414 -252.8426971435547 -0.0005860519013367593 0.7071069276883223 -9.684011879305702e-05 -9.686678033945733e-05 -0.7071066214185807
-2.1980295181274414 -253.01483154296875 -0.000553512538317591 0.7071069284446874 -9.11501205317808e-05 -9.117715004626255e-05 -0.7071066221751163
-2.1980295181274414 -253.18865966796875 -0.0005212402320466936 0.707106929150095 -8.550291994383749e-05 -8.552897977242351e-05 -0.7071066228808544
-2.1980295181274414 -253.36428833007812 -0.0004899215418845415 0.7071069297961706 -7.998165065638834e-05 -8.000777497684555e-05 -0.7071066235271206
-2.1980295181274414 -253.54119873046875 -0.0004601669206749648 0.7071069303631864 -7.480095939920232e-05 -7.48203416870094e-05 -0.7071066240950404
-2.1980295181274414 -253.71910095214844 -0.0004325485206209123 0.707106930859492 -6.995211789399425e-05 -6.997541847668146e-05 -0.7071066245910947
-2.1980295181274414 -253.8987579345703 -0.00040718077798373997 0.7071069312835571 -6.552543675092635e-05 -6.555125126463125e-05 -0.7071066250150692
-2.1980295181274414 -254.07920837402344 -0.00038391113048419356 0.7071069316507087 -6.143574509707934e-05 -6.146445440721091e-05 -0.7071066253821201
-2.1980292797088623 -254.26084899902344 -0.0003624343662522733 0.707106931966786 -5.7683220431472944e-05 -5.771484011711388e-05 -0.7071066256981068
-2.1980292797088623 -254.44337463378906 -0.0003427123883739114 0.707106932214328 -5.4564395506878605e-05 -5.459593152169382e-05 -0.7071066259457994
-2.1980292797088623 -254.626953125 -0.0003242873935960233 0.7071069324571733 -5.1320907615997546e-05 -5.1348815086399346e-05 -0.7071066261890566
-2.1980292797088623 -254.8109130859375 -0.0003071594110224396 0.7071069326505924 -4.858295027016561e-05 -4.860768216646889e-05 -0.7071066263827972
-2.1980292797088623 -254.9964599609375 -0.0002912139752879739 0.7071069328741086 -4.521287008344584e-05 -4.5234256345832556e-05 -0.707106626606645
-2.1980292797088623 -255.1820068359375 -0.0002764511154964566 0.7071069330185281 -4.289483123122855e-05 -4.2916147034165856e-05 -0.7071066267511348
-2.1980292797088623 -255.36846923828125 -0.00026271818205714226 0.7071069331481148 -4.070256791968779e-05 -4.072513812323169e-05 -0.7071066268807213
-2.1980292797088623 -255.55596923828125 -0.0002499771071597934 0.7071069333005253 -3.796263107555595e-05 -3.798598983086459e-05 -0.7071066270331721
-2.1980292797088623 -255.7434539794922 -0.00023815155145712197 0.7071069333868542 -3.631908055847708e-05 -3.63420861787183e-05 -0.7071066271195711
-2.1980292797088623 -255.93104553222656 -0.00022720335982739925 0.7071069335021054 -3.400125264009558e-05 -3.402375563240352e-05 -0.7071066272349228
-2.1980292797088623 -256.1205139160156 -0.0002170181251130998 0.7071069335695412 -3.256855979621754e-05 -3.259046793212352e-05 -0.7071066273024391
-2.1980292797088623 -256.3099670410156 -0.0002075958182103932 0.7071069336304056 -3.1219242268504554e-05 -3.1242387163460935e-05 -0.7071066273632833
-2.1980292797088623 -256.4994201660156 -0.00019886015797965229 0.7071069336992738 -2.961835307623723e-05 -2.9640110733262638e-05 -0.7071066274322619
-2.1980292797088623 -256.6888732910156 -0.00019065856758970767 0.7071069337595113 -2.8143465800527325e-05 -2.8164718620183745e-05 -0.7071066274925698
-2.1980292797088623 -256.8791809082031 -0.00018318176444154233 0.7071069338166966 -2.6668058890529832e-05 -2.668984614191116e-05 -0.7071066275497753
-2.1980292797088623 -257.0705871582031 -0.00017620086146052927 0.7071069338708095 -2.519242046319263e-05 -2.5215210323902945e-05 -0.7071066276038981
-2.1980292797088623 -257.2619934082031 -0.0001697540283203125 0.707106933895985 -2.4475520320833527e-05 -2.4499117619629257e-05 -0.7071066276290735
-2.1980292797088623 -257.4533996582031 -0.00016376495477743447 0.7071069339455308 -2.2999745553751078e-05 -2.302461299552417e-05 -0.7071066276786193
-2.1980292797088623 -257.6448059082031 -0.00015827178140170872 0.7071069339671202 -2.2325980067037316e-05 -2.234967933264185e-05 -0.7071066277002791
-2.1980292797088623 -257.8362121582031 -0.00015312194591388106 0.7071069339880915 -2.165171038474446e-05 -2.167524986395897e-05 -0.7071066277212705
-2.1980292797088623 -258.0276184082031 -0.0001483535743318498 0.7071069340292947 -2.026139525245541e-05 -2.028387042651603e-05 -0.7071066277625541
-2.1980292797088623 -258.2196960449219 -0.00014381408982444555 0.7071069340494535 -1.9545264270117352e-05 -1.956700856001729e-05 -0.707106627782753
-2.1980292797088623 -258.4130554199219 -0.0001396179141011089 0.707106934067772 -1.887089747676697e-05 -1.8892676203183875e-05 -0.7071066278010917
-2.1980292797088623 -258.6064147949219 -0.00013572692114394158 0.7071069340854476 -1.8196543545559686e-05 -1.8218330982848213e-05 -0.7071066278187873
-2.1980292797088623 -258.7997741699219 -0.0001322174066444859 0.7071069341035287 -1.747980160880856e-05 -1.7502082644121313e-05 -0.7071066278368784
-2.1980292797088623 -258.9931335449219 -0.0001288986240979284 0.7071069341198627 -1.6806106221866353e-05 -1.6827078880576407e-05 -0.7071066278532627
-2.1980292797088623 -259.1864929199219 -0.00012592315033543855 0.7071069341198627 -1.6806106221866353e-05 -1.6827078880576407e-05 -0.7071066278532627
-2.1980292797088623 -259.3798522949219 -0.00012302398681640625 0.7071069341355636 -1.6131840395918026e-05 -1.6152645554689224e-05 -0.7071066278689938
-2.1980292797088623 -259.5732116699219 -0.00012039184366585687 0.7071069341506415 -1.545683242255095e-05 -1.5478954377387838e-05 -0.7071066278840615
-2.1980292797088623 -259.7665710449219 -0.0001179504397441633 0.7071069341506415 -1.545683242255095e-05 -1.5478954377387838e-05 -0.7071066278840615
-2.1980292797088623 -259.9599304199219 -0.00011558532423805445 0.7071069341650662 -1.4782248256570925e-05 -1.4804839391359355e-05 -0.7071066278984963
-2.1980292797088623 -260.1532897949219 -0.00011348724365234375 0.7071069341788428 -1.4107859598421207e-05 -1.4130528898676097e-05 -0.7071066279122931
-2.1980292797088623 -260.3466491699219 -0.00011154174717376009 0.7071069341788428 -1.4107859598421207e-05 -1.4130528898676097e-05 -0.7071066279122931
-2.1980292797088623 -260.5400085449219 -0.00010963439854094759 0.7071069341919763 -1.3433585411253046e-05 -1.3456103933678119e-05 -0.7071066279254467
-2.1980292797088623 -260.7333679199219 -0.00010787963401526213 0.7071069341919763 -1.3433585411253046e-05 -1.3456103933678119e-05 -0.7071066279254467
-2.1980292797088623 -260.9267272949219 -0.00010639190440997481 0.7071069341919763 -1.3433585411253046e-05 -1.3456103933678119e-05 -0.7071066279254467
-2.1980292797088623 -261.1200866699219 -0.00010494232265045866 0.7071069342044567 -1.2759706739045517e-05 -1.278128345490254e-05 -0.7071066279379672
-2.1980292797088623 -261.3140869140625 -0.00010356902930652723 0.7071069342044567 -1.2759706739045517e-05 -1.278128345490254e-05 -0.7071066279379672
-2.1980292797088623 -261.5093994140625 -0.00010231017949990928 0.7071069342044567 -1.2759706739045517e-05 -1.278128345490254e-05 -0.7071066279379672
-2.1980292797088623 -261.7047119140625 -0.00010120391380041838 0.707106934216304 -1.2085369527052106e-05 -1.2106921514586661e-05 -0.7071066279498346
-2.1980292797088623 -261.9000244140625 -0.00010025023948401213 0.707106934216304 -1.2085369527052106e-05 -1.2106921514586661e-05 -0.7071066279498346
-2.1980292797088623 -262.0953369140625 -9.93728608591482e-05 0.707106934216304 -1.2085369527052106e-05 -1.2106921514586661e-05 -0.7071066279498346
-2.1980292797088623 -262.2906494140625 -9.841918654274195e-05 0.707106934216304 -1.2085369527052106e-05 -1.2106921514586661e-05 -0.7071066279498346
-2.1980292797088623 -262.4859619140625 -9.754180791787803e-05 0.7071069342275634 -1.1407596180984286e-05 -1.1435993137094503e-05 -0.7071066279610035
-2.1980292797088623 -262.6812744140625 -9.658813360147178e-05 0.7071069342275634 -1.1407596180984286e-05 -1.1435993137094503e-05 -0.7071066279610035
-2.1980292797088623 -262.8765869140625 -9.574890282237902e-05 0.7071069342275634 -1.1407596180984286e-05 -1.1435993137094503e-05 -0.7071066279610035
-2.1980292797088623 -263.0718994140625 -9.498596045887098e-05 0.7071069342275634 -1.1407596180984286e-05 -1.1435993137094503e-05 -0.7071066279610035
-2.1980292797088623 -263.2672119140625 -9.441375732421875e-05 0.7071069342380442 -1.0738295806230921e-05 -1.075659564563218e-05 -0.7071066279716651
-2.1980292797088623 -263.4625244140625 -9.39559904509224e-05 0.7071069342380442 -1.0738295806230921e-05 -1.075659564563218e-05 -0.7071066279716651
-2.1980292797088623 -263.6578369140625 -9.353637142339721e-05 0.7071069342380442 -1.0738295806230921e-05 -1.075659564563218e-05 -0.7071066279716651
-2.1980292797088623 -263.8531494140625 -9.311675967182964e-05 0.7071069342380442 -1.0738295806230921e-05 -1.075659564563218e-05 -0.7071066279716651
-2.1980292797088623 -264.0484619140625 -9.265899279853329e-05 0.7071069342380442 -1.0738295806230921e-05 -1.075659564563218e-05 -0.7071066279716651
-2.1980292797088623 -264.2437744140625 -9.212493750965223e-05 0.7071069342380442 -1.0738295806230921e-05 -1.075659564563218e-05 -0.7071066279716651
-2.1980292797088623 -264.4390869140625 -9.162902279058471e-05 0.7071069342380442 -1.0738295806230921e-05 -1.075659564563218e-05 -0.7071066279716651
-2.1980292797088623 -264.6343994140625 -9.117126319324598e-05 0.7071069342380442 -1.0738295806230921e-05 -1.075659564563218e-05 -0.7071066279716651
-2.1980292797088623 -264.8297119140625 -9.075164416572079e-05 0.7071069342380442 -1.0738295806230921e-05 -1.075659564563218e-05 -0.7071066279716651
-2.1980292797088623 -265.0250244140625 -9.040832082973793e-05 0.7071069342479972 -1.0061394194716219e-05 -1.008479810464944e-05 -0.707106627981568
-2.1980292797088623 -265.2203369140625 -9.006499749375507e-05 0.7071069342479972 -1.0061394194716219e-05 -1.008479810464944e-05 -0.707106627981568
-2.1980292797088623 -265.4156494140625 -8.975982200354338e-05 0.7071069342479972 -1.0061394194716219e-05 -1.008479810464944e-05 -0.707106627981568
-2.1980292797088623 -265.6109619140625 -8.945464651333168e-05 0.7071069342479972 -1.0061394194716219e-05 -1.008479810464944e-05 -0.707106627981568
-2.1980292797088623 -265.8062744140625 -8.922576671466231e-05 0.7071069342479972 -1.0061394194716219e-05 -1.008479810464944e-05 -0.707106627981568
-2.1980292797088623 -266.0015869140625 -8.884429553290829e-05 0.7071069342479972 -1.0061394194716219e-05 -1.008479810464944e-05 -0.707106627981568
-2.1980292797088623 -266.1968994140625 -8.857726788846776e-05 0.7071069342479972 -1.0061394194716219e-05 -1.008479810464944e-05 -0.707106627981568
-2.1980292797088623 -266.3922119140625 -8.850097219692543e-05 0.7071069342479972 -1.0061394194716219e-05 -1.008479810464944e-05 -0.707106627981568
-2.1980292797088623 -266.5875244140625 -8.82339445524849e-05 0.7071069342479972 -1.0061394194716219e-05 -1.008479810464944e-05 -0.707106627981568
-2.1980295181274414 -266.7828369140625 -8.800506475381553e-05 0.7071069342479972 -1.0061394194716219e-05 -1.008479810464944e-05 -0.707106627981568
-2.1980295181274414 -266.9781494140625 -8.796691690804437e-05 0.7071069342479972 -1.0061394194716219e-05 -1.008479810464944e-05 -0.707106627981568
-2.1980292797088623 -267.1734619140625 -8.781432552495971e-05 0.7071069342479972 -1.0061394194716219e-05 -1.008479810464944e-05 -0.707106627981568
-2.1980292797088623 -267.3687744140625 -8.769988926360384e-05 0.7071069342479972 -1.0061394194716219e-05 -1.008479810464944e-05 -0.707106627981568
-2.1980292797088623 -267.5640869140625 -8.731841808184981e-05 0.7071069342479972 -1.0061394194716219e-05 -1.008479810464944e-05 -0.707106627981568
-2.1980292797088623 -267.7593994140625 -8.705139043740928e-05 0.7071069342479972 -1.0061394194716219e-05 -1.008479810464944e-05 -0.707106627981568
-2.1980292797088623 -267.9547119140625 -8.720397454453632e-05 0.7071069342479972 -1.0061394194716219e-05 -1.008479810464944e-05 -0.707106627981568
-2.1980292797088623 -268.1500244140625 -8.758544572629035e-05 0.7071069342479972 -1.0061394194716219e-05 -1.008479810464944e-05 -0.707106627981568
-2.1980292797088623 -268.3453369140625 -8.777618495514616e-05 0.7071069342479972 -1.0061394194716219e-05 -1.008479810464944e-05 -0.707106627981568
-2.1980292797088623 -268.5406494140625 -8.777618495514616e-05 0.7071069342479972 -1.0061394194716219e-05 -1.008479810464944e-05 -0.707106627981568
-2.1980292797088623 -268.7359619140625 -8.7738037109375e-05 0.7071069342479972 -1.0061394194716219e-05 -1.008479810464944e-05 -0.707106627981568
-2.1980292797088623 -268.9312744140625 -8.766174141783267e-05 0.7071069342479972 -1.0061394194716219e-05 -1.008479810464944e-05 -0.707106627981568
-2.1980292797088623 -269.1265869140625 -8.762359357206151e-05 0.7071069342479972 -1.0061394194716219e-05 -1.008479810464944e-05 -0.707106627981568
-2.1980292797088623 -269.3218994140625 -8.750915003474802e-05 0.7071069342479972 -1.0061394194716219e-05 -1.008479810464944e-05 -0.707106627981568
-2.1980292797088623 -269.5172119140625 -8.716583397472277e-05 0.7071069342479972 -1.0061394194716219e-05 -1.008479810464944e-05 -0.707106627981568
-2.1980292797088623 -269.7125244140625 -8.670806710142642e-05 0.7071069342479972 -1.0061394194716219e-05 -1.008479810464944e-05 -0.707106627981568
-2.1980292797088623 -269.9078369140625 -8.644103945698589e-05 0.7071069342573022 -9.384941154096094e-06 -9.41255199397346e-06 -0.7071066279908328
-2.1980292797088623 -270.1031494140625 -8.63265959196724e-05 0.7071069342573022 -9.384941154096094e-06 -9.41255199397346e-06 -0.7071066279908328
-2.1980292797088623 -270.2984619140625 -8.63265959196724e-05 0.7071069342573022 -9.384941154096094e-06 -9.41255199397346e-06 -0.7071066279908328
-2.1980292797088623 -270.4937744140625 -8.636474376544356e-05 0.7071069342573022 -9.384941154096094e-06 -9.41255199397346e-06 -0.7071066279908328
-2.1980292797088623 -270.6890869140625 -8.636474376544356e-05 0.7071069342573022 -9.384941154096094e-06 -9.41255199397346e-06 -0.7071066279908328
-2.1980295181274414 -270.8843994140625 -8.640289161121473e-05 0.7071069342573022 -9.384941154096094e-06 -9.41255199397346e-06 -0.7071066279908328
-2.1980295181274414 -271.0797119140625 -8.644103945698589e-05 0.7071069342573022 -9.384941154096094e-06 -9.41255199397346e-06 -0.7071066279908328
-2.1980292797088623 -271.2750244140625 -8.644103945698589e-05 0.7071069342573022 -9.384941154096094e-06 -9.41255199397346e-06 -0.7071066279908328
-2.1980292797088623 -271.4703369140625 -8.644103945698589e-05 0.7071069342573022 -9.384941154096094e-06 -9.41255199397346e-06 -0.7071066279908328
-2.1980292797088623 -271.6656494140625 -8.644103945698589e-05 0.7071069342573022 -9.384941154096094e-06 -9.41255199397346e-06 -0.7071066279908328
-2.1980292797088623 -271.8609619140625 -8.644103945698589e-05 0.7071069342573022 -9.384941154096094e-06 -9.41255199397346e-06 -0.7071066279908328
-2.1980292797088623 -272.0562744140625 -8.644103945698589e-05 0.7071069342573022 -9.384941154096094e-06 -9.41255199397346e-06 -0.7071066279908328
-2.1980292797088623 -272.2515869140625 -8.644103945698589e-05 0.7071069342573022 -9.384941154096094e-06 -9.41255199397346e-06 -0.7071066279908328
-2.1980292797088623 -272.4468994140625 -8.644103945698589e-05 0.7071069342573022 -9.384941154096094e-06 -9.41255199397346e-06 -0.7071066279908328
-2.1980292797088623 -272.6422119140625 -8.644103945698589e-05 0.7071069342573022 -9.384941154096094e-06 -9.41255199397346e-06 -0.7071066279908328
-2.1980292797088623 -272.8375244140625 -8.644103945698589e-05 0.7071069342573022 -9.384941154096094e-06 -9.41255199397346e-06 -0.7071066279908328
-2.1980292797088623 -273.0328369140625 -8.644103945698589e-05 0.7071069342573022 -9.384941154096094e-06 -9.41255199397346e-06 -0.7071066279908328
-2.1980292797088623 -273.2281494140625 -8.644103945698589e-05 0.7071069342573022 -9.384941154096094e-06 -9.41255199397346e-06 -0.7071066279908328
-2.1980292797088623 -273.4234619140625 -8.644103945698589e-05 0.7071069342573022 -9.384941154096094e-06 -9.41255199397346e-06 -0.7071066279908328
-2.1980292797088623 -273.6187744140625 -8.644103945698589e-05 0.7071069342573022 -9.384941154096094e-06 -9.41255199397346e-06 -0.7071066279908328
-2.1980292797088623 -273.8140869140625 -8.644103945698589e-05 0.7071069342573022 -9.384941154096094e-06 -9.41255199397346e-06 -0.7071066279908328
-2.1980292797088623 -274.0093994140625 -8.644103945698589e-05 0.7071069342573022 -9.384941154096094e-06 -9.41255199397346e-06 -0.7071066279908328
-2.1980292797088623 -274.2047119140625 -8.644103945698589e-05 0.7071069342573022 -9.384941154096094e-06 -9.41255199397346e-06 -0.7071066279908328
-2.1980292797088623 -274.4000244140625 -8.644103945698589e-05 0.7071069342573022 -9.384941154096094e-06 -9.41255199397346e-06 -0.7071066279908328
-2.1980292797088623 -274.5953369140625 -8.644103945698589e-05 0.7071069342573022 -9.384941154096094e-06 -9.41255199397346e-06 -0.7071066279908328
-2.1980292797088623 -274.7906494140625 -8.644103945698589e-05 0.7071069342573022 -9.384941154096094e-06 -9.41255199397346e-06 -0.7071066279908328
-2.1980292797088623 -274.9859619140625 -8.644103945698589e-05 0.7071069342573022 -9.384941154096094e-06 -9.41255199397346e-06 -0.7071066279908328
-2.1980292797088623 -275.1812744140625 -8.644103945698589e-05 0.7071069342573022 -9.384941154096094e-06 -9.41255199397346e-06 -0.7071066279908328
-2.1980292797088623 -275.3765869140625 -8.644103945698589e-05 0.7071069342573022 -9.384941154096094e-06 -9.41255199397346e-06 -0.7071066279908328
-2.1980292797088623 -275.5718994140625 -8.644103945698589e-05 0.7071069342573022 -9.384941154096094e-06 -9.41255199397346e-06 -0.7071066279908328
-2.1980292797088623 -275.7672119140625 -8.644103945698589e-05 0.7071069342573022 -9.384941154096094e-06 -9.41255199397346e-06 -0.7071066279908328
-2.1980292797088623 -275.9625244140625 -8.644103945698589e-05 0.7071069342573022 -9.384941154096094e-06 -9.41255199397346e-06 -0.7071066279908328
-2.1980292797088623 -276.1578369140625 -8.644103945698589e-05 0.7071069342573022 -9.384941154096094e-06 -9.41255199397346e-06 -0.7071066279908328
-2.1980292797088623 -276.3531494140625 -8.644103945698589e-05 0.7071069342573022 -9.384941154096094e-06 -9.41255199397346e-06 -0.7071066279908328
-2.1980292797088623 -276.5484619140625 -8.644103945698589e-05 0.7071069342573022 -9.384941154096094e-06 -9.41255199397346e-06 -0.7071066279908328
-2.1980292797088623 -276.7437744140625 -8.644103945698589e-05 0.7071069342573022 -9.384941154096094e-06 -9.41255199397346e-06 -0.7071066279908328
-2.1980292797088623 -276.9390869140625 -8.644103945698589e-05 0.7071069342573022 -9.384941154096094e-06 -9.41255199397346e-06 -0.7071066279908328
-2.1980292797088623 -277.1343994140625 -8.644103945698589e-05 0.7071069342573022 -9.384941154096094e-06 -9.41255199397346e-06 -0.7071066279908328
-2.1980292797088623 -277.3297119140625 -8.644103945698589e-05 0.7071069342573022 -9.384941154096094e-06 -9.41255199397346e-06 -0.7071066279908328
-2.1980292797088623 -277.5250244140625 -8.644103945698589e-05 0.7071069342573022 -9.384941154096094e-06 -9.41255199397346e-06 -0.7071066279908328
-2.1980292797088623 -277.7203369140625 -8.644103945698589e-05 0.7071069342573022 -9.384941154096094e-06 -9.41255199397346e-06 -0.7071066279908328
-2.1980292797088623 -277.9156494140625 -8.644103945698589e-05 0.7071069342573022 -9.384941154096094e-06 -9.41255199397346e-06 -0.7071066279908328
-2.1980292797088623 -278.1109619140625 -8.644103945698589e-05 0.7071069342573022 -9.384941154096094e-06 -9.41255199397346e-06 -0.7071066279908328
-2.1980292797088623 -278.3062744140625 -8.644103945698589e-05 0.7071069342573022 -9.384941154096094e-06 -9.41255199397346e-06 -0.7071066279908328
-2.1980292797088623 -278.5015869140625 -8.644103945698589e-05 0.7071069342573022 -9.384941154096094e-06 -9.41255199397346e-06 -0.7071066279908328
-2.1980292797088623 -278.6968994140625 -8.644103945698589e-05 0.7071069342573022 -9.384941154096094e-06 -9.41255199397346e-06 -0.7071066279908328
-2.1980292797088623 -278.8922119140625 -8.644103945698589e-05 0.7071069342573022 -9.384941154096094e-06 -9.41255199397346e-06 -0.7071066279908328
-2.1980292797088623 -279.0875244140625 -8.644103945698589e-05 0.7071069342573022 -9.384941154096094e-06 -9.41255199397346e-06 -0.7071066279908328
-2.1980292797088623 -279.2826232910156 -6.187438702909276e-05 0.7071069343015626 -5.047771983302396e-06 -5.067471015949141e-06 -0.7071066280353242
-2.1980295181274414 -279.4679260253906 0.0009529495146125555 0.7071068289397985 0.00017268547397980135 0.0001726658130057697 -0.7071066912658561
-2.1980295181274414 -279.6326904296875 0.002975540002807975 0.7071066960017994 0.0005267138245293918 0.0005267043174936353 -0.7071064740366387
-2.1980295181274414 -279.7766418457031 0.004707717802375555 -0.7071062789056892 -0.0008297448501492916 -0.0008297448138799944 0.707106309814286
-2.1980295181274414 -279.9016418457031 0.005499343853443861 0.7071062713001978 0.0009683232690284987 0.0009683237707525324 -0.7071059650342745
-2.1980292797088623 -280.0096740722656 0.005398330744355917 0.7071063793865002 0.0009507900705025076 0.0009507907090002087 -0.7071059045335318
-2.1980292797088623 -280.10260009765625 0.004770164377987385 0.707106350105502 0.0008408292237321855 0.0008408293874476784 -0.7071062124268409
-2.1980292797088623 -280.1819152832031 0.003986778203397989 0.7071065841390676 0.0007037255033919157 0.0007037258905117383 -0.7071062778730414
-2.1980295181274414 -280.24920654296875 0.0032857893966138363 0.7071067376754556 0.000581120521333842 0.0005811208834661538 -0.7071063471157878
-2.1980295181274414 -280.3056335449219 0.0027571485843509436 0.707106807740347 0.0004884817704902187 0.000488482081454886 -0.7071064171806616
-2.1980295181274414 -280.3525085449219 0.002390365581959486 -0.7071066383346826 -0.0004244612429096526 -0.00042446048349298413 0.7071066692437398
-2.198029041290283 -280.3908386230469 0.0021337890066206455 -0.7071066217968419 -0.00037940844804199014 -0.00037940336482567856 0.7071067370018292
-2.1980278491973877 -280.42144775390625 0.001942176721058786 -0.7071064703730685 -0.0003459449005142562 -0.00034593768216070584 0.7071069227534028
-2.1980278491973877 -280.44500732421875 0.001800002995878458 -0.7071064399545363 -0.00032107873720865516 -0.000321070590990591 0.7071069766286723
-2.198026657104492 -280.4617919921875 0.0016932678408920765 -0.7071062374518935 -0.00030240793381809287 -0.0003023992716755513 0.7071071955939555
-2.197972536087036 -280.46478271484375 0.002347221365198493 -0.7070978754310606 -0.00041845161532341377 -0.0004150443260297193 0.7071154412098023
-2.1979727745056152 -280.46484375 0.001980476314201951 -0.7070977839861414 -0.0003544162832765688 -0.00035103754163811783 0.7071156023194727
-2.1979732513427734 -280.4650573730469 0.0010783004108816385 -0.7070979721593387 -0.0001957089096518644 -0.00019372797005240777 0.7071155364830046
-2.197974443435669 -280.4652404785156 0.0002716445887926966 -0.7070979971935067 -5.38235384875063e-05 -5.314515241872546e-05 0.7071155610248943
-2.197974920272827 -280.4653625488281 -0.0001961517264135182 -0.7070979986663312 2.8533770786319254e-05 2.8533062046593797e-05 0.7071155624463071
-2.197974920272827 -280.46539306640625 -0.0003424835158511996 -0.7070979971987582 5.3757614958044564e-05 5.337965821412231e-05 0.7071155610069941
-2.197974920272827 -280.46539306640625 -0.00029308319790288806 -0.7070979977619947 4.574961692809962e-05 4.537185391831844e-05 0.7071155615663861
-2.197974920272827 -280.46539306640625 -0.00029308319790288806 -0.7070979977619947 4.574961692809962e-05 4.537185391831844e-05 0.7071155615663861
-2.197974920272827 -280.46539306640625 -0.00029308319790288806 -0.7070979977619947 4.574961692809962e-05 4.537185391831844e-05 0.7071155615663861
-2.197974920272827 -280.46539306640625 -0.00029308319790288806 -0.7070979977619947 4.574961692809962e-05 4.537185391831844e-05 0.7071155615663861
-2.197974920272827 -280.46539306640625 -0.00029308319790288806 -0.7070979977619947 4.574961692809962e-05 4.537185391831844e-05 0.7071155615663861
-2.197974920272827 -280.46539306640625 -0.00029308319790288806 -0.7070979977619947 4.574961692809962e-05 4.537185391831844e-05 0.7071155615663861
-2.197974920272827 -280.46539306640625 -0.00029308319790288806 -0.7070979977619947 4.574961692809962e-05 4.537185391831844e-05 0.7071155615663861
-2.197974920272827 -280.46539306640625 -0.00029308319790288806 -0.7070979977619947 4.574961692809962e-05 4.537185391831844e-05 0.7071155615663861
-2.197974920272827 -280.46539306640625 -0.00029308319790288806 -0.7070979977619947 4.574961692809962e-05 4.537185391831844e-05 0.7071155615663861
