-2.1980285705715294 -252.3285038471222 1.9373048114939593 0.7044161368757835 0.061628408081513195 0.06162842742768571 -0.7044159157480235
-2.1980285705715294 -252.3285038471222 1.9373167133308016 0.7044161368757835 0.061628408081513195 0.06162842742768571 -0.7044159157480235
-2.1980285705715294 -252.3285038471222 1.9374970340868458 0.7044161368757835 0.061628408081513195 0.06162842742768571 -0.7044159157480235
-2.1980285705715294 -252.3285038471222 1.9377449512539897 0.7044161368757835 0.061628408081513195 0.06162842742768571 -0.7044159157480235
-2.1980285705715294 -252.3285038471222 1.937943201064627 0.7044161368757835 0.061628408081513195 0.06162842742768571 -0.7044159157480235
-2.1980285705715294 -252.3285038471222 1.9380496311168827 0.7044161368757835 0.061628408081513195 0.06162842742768571 -0.7044159157480235
-2.1980285705715294 -252.3285038471222 1.9380749988558819 0.7044161368757835 0.061628408081513195 0.06162842742768571 -0.7044159157480235
-2.1980285705715294 -252.3285038471222 1.9380586338047578 0.7044161368757835 0.061628408081513195 0.06162842742768571 -0.7044159157480235
-2.1980285705715294 -252.3285038471222 1.9380347156511561 0.7044161368757835 0.061628408081513195 0.06162842742768571 -0.7044159157480235
-2.1980285705715294 -252.3285038471222 1.938000383377073 0.7044161368757835 0.061628408081513195 0.06162842742768571 -0.7044159157480235
-2.1980285705715294 -252.3285038471222 1.9379725742346636 0.7044161368757835 0.061628408081513195 0.06162842742768571 -0.7044159157480235
-2.1980285705715294 -252.3285038471222 1.9379591465003614 0.7044161368757835 0.061628408081513195 0.06162842742768571 -0.7044159157480235
-2.1980285705715294 -252.3285038471222 1.9379614734643837 0.7044161368757835 0.061628408081513195 0.06162842742768571 -0.7044159157480235
-2.1980285705715294 -252.3285038471222 1.9379649066941056 0.7044161368757835 0.061628408081513195 0.06162842742768571 -0.7044159157480235
-2.1980283670240373 -252.32964931203685 1.9379884734071793 0.7044190737102736 0.06159533108449365 0.06159533389458934 -0.7044187665190117
-2.198029194343926 -252.38992863292802 1.9387331384085027 0.7045148154420438 0.06048946930011704 0.0604894393431405 -0.704514674548661
-2.1980285155776804 -252.48409429219492 1.9390939801481784 0.70456156392075 0.059943519384433375 0.05994346893436259 -0.7045612518876342
-2.198028296373617 -252.591706919562 1.9389516668502187 0.7045433809477506 0.06015736178199179 0.060157300556114617 -0.7045429833416443
-2.198028530296468 -252.70767672140582 1.9386066529116894 0.7044989913358295 0.060674498257947324 0.06067444213233287 -0.7044986788773102
-2.198028179521182 -252.8294747328013 1.9382883166911193 0.7044578491045285 0.061150776089518806 0.06115075677023659 -0.7044574553265075
-2.1980291542872386 -252.95584699334609 1.9380909986052188 0.7044321869131269 0.06144422934945572 0.06144421376009961 -0.7044320473373171
-2.1980285754293583 -253.0864865582345 1.9380150834086405 0.7044224461185855 0.06155674031274361 0.06155675404865911 -0.7044221398830184
-2.1980285702325606 -253.22120687989005 1.9380174027601922 0.7044226808467964 0.06155405225826638 0.06155406788424199 -0.7044223747767395
-2.1980296635158427 -253.35996874226072 1.9380497515977106 -0.7044266538209543 -0.06150666592059551 -0.061506646267564816 0.7044266831252649
-2.198029688999286 -253.50278758336188 1.9380796802405362 -0.7044305791859091 -0.061461702022801726 -0.06146167310547846 0.7044306076763986
-2.1980291586927625 -253.64949561430336 1.9380957674470258 0.7044326813546176 0.06143856212897125 0.06143854493947486 -0.7044325416381533
-2.1980291618521073 -253.79972972383075 1.9380967979324737 0.7044327436578922 0.061437848929526265 0.06143783059185337 -0.7044326038406327
-2.198029164037216 -253.95321667303475 1.9380870590665893 0.7044315534710467 0.06145149461761132 0.061451475483012746 -0.7044314135844528
-2.1980296955158964 -254.10992020154987 1.938074647323406 -0.7044298429249798 -0.06147014231619135 -0.06147011103062627 0.7044298712080558
-2.198029692361564 -254.26927358014836 1.9380626323800385 -0.7044283000468814 -0.06148781953711189 -0.061487789398760165 0.7044283284312792
-2.1980296860759716 -254.43107864869623 1.9380530638286837 -0.7044270757503817 -0.0615018416515573 -0.061501813798395415 0.7044271043356723
-2.1980286072907056 -254.5955031572668 1.9380459453633216 0.7044263418339228 0.06151215515249154 0.06151215732715658 -0.7044260345841374
-2.198028607187786 -254.76206460035644 1.938040800674579 0.7044256708560644 0.061519838551495 0.06151984076021643 -0.7044253636095305
-2.19802861306692 -254.93067835600237 1.9380366081112328 0.7044251209066327 0.06152613749855555 0.061526137567634864 -0.704424813472803
-2.198028612883892 -255.1011661704846 1.9380326334148856 0.7044246148118744 0.061531931537671954 0.06153193167074754 -0.7044243073838752
-2.198028613885648 -255.27333175856808 1.9380288181816496 0.7044241196929288 0.061537599817784665 0.06153759958427787 -0.704423812233029
-2.1980286112212135 -255.44719097594142 1.938025120600639 0.7044236279754619 0.06154322730419344 0.061543228036654525 -0.7044233206004049
-2.1980286113914143 -255.62284990266625 1.9380211618039707 0.7044231474242059 0.06154872750701133 0.061548728175208886 -0.704422840043718
-2.198028592907059 -255.79978871945153 1.9380177932886906 0.7044226958830978 0.061553888434695565 0.06155389581919145 -0.7044223890911174
-2.198028603640357 -255.97771750927689 1.9380144429354687 0.7044222741221852 0.06155871878158304 0.06155872226271657 -0.7044219669884526
-2.198028610525151 -256.15739874962486 1.9380115347970102 0.7044218889595106 0.06156312858085707 0.061563129557633475 -0.7044215816065843
-2.1980286184542037 -256.33787159875504 1.9380086829466276 0.7044215331430375 0.06156720267795284 0.06156720077095733 -0.7044212255377127
-2.198028388007771 -256.51953278521137 1.9380061925633183 0.7044212066623043 0.06157094089553789 0.06157093608924916 -0.7044208988032333
-2.19802838777475 -256.7020755160193 1.9380059868005444 0.7044209350818788 0.061574047830781284 0.06157404310783229 -0.7044206272302502
-2.1980283778259775 -256.88567179632713 1.938003676206165 0.7044206523226554 0.06157727895501861 0.06157727784677075 -0.7044203447876857
-2.198028369119281 -257.0696467740586 1.9380033000922197 0.7044204136128103 0.06158000647672087 0.06158000853193465 -0.7044201063549302
-2.198028359945743 -257.2552121312947 1.9379977019916734 0.7044201198254486 0.061583363713215315 0.06158336910130293 -0.7044198128594901
-2.198028359749881 -257.4407717127985 1.9379976537093084 0.7044199179349794 0.06158567291861608 0.061585678376888546 -0.7044196109752316
-2.198028363185272 -257.6272461285774 1.9379973833655326 0.7044197271070369 0.0615878568283843 0.06158786103703008 -0.7044194200379611
-2.198028365343239 -257.81476114535724 1.9379926203603475 0.7044194885286849 0.06159058632562642 0.06159058974871719 -0.7044191813909222
-2.198028364373437 -258.0022548966445 1.9379939434581388 0.7044193453403564 0.06159222361439452 0.06159222738927027 -0.7044190382334413
-2.1980283629931074 -258.18985915591094 1.9379900804747392 0.704419143401104 0.0615945326122063 0.06159453688778864 -0.7044188363380961
-2.198028361361056 -258.37933539462426 1.9379911097369416 0.7044190185500568 0.06159595984732737 0.06159596471549615 -0.7044187115389741
-2.1980283647490984 -258.5687959125074 1.937991914642481 0.7044189011186356 0.06159730402497425 0.061597307661091345 -0.704418593999742
-2.1980283609451305 -258.7582578165703 1.9379904171221567 0.704418761540699 0.061598898816279044 0.061598903834345575 -0.7044184545428213
-2.198028359559747 -258.9477190275362 1.9379891934298057 0.7044186330127297 0.061600368085896286 0.061600373606873426 -0.7044183260589215
-2.19802836102274 -259.1380347306897 1.937987244950213 0.7044185045269621 0.061601837873436475 0.06160184286201346 -0.704418197526595
-2.1980283637688856 -259.32944906664153 1.9379848005868894 0.704418376058713 0.06160330789188081 0.06160331188166284 -0.7044180689709729
-2.1980283659810183 -259.52085924411074 1.9379866694255554 0.7044183136725846 0.06160402206179921 0.061604025247216136 -0.7044180065144715
-2.198028369460406 -259.71227358007667 1.9379832332163573 0.7044181852111505 0.061605492216462505 0.06160549413656904 -0.7044178779423373
-2.1980283662579327 -259.90368352651825 1.9379844176890515 0.7044181264086423 0.06160616341617868 0.06160616650001084 -0.7044178192417124
-2.1980283658191966 -260.09509347295983 1.9379852588238577 0.7044180676494524 0.06160683511822569 0.06160683836123382 -0.7044177604964686
-2.198028362900557 -260.28650734687767 1.937981140492066 0.7044179464244182 0.061608220139182 0.06160822444243858 -0.7044176393642749
-2.198028360896535 -260.4785889110656 1.9379811019820992 0.7044178839661791 0.06160893354330451 0.061608938574660266 -0.7044175769697766
-2.198028360990118 -260.67195198250715 1.937980989457141 0.7044178252127696 0.06160960534232425 0.06160961033937281 -0.7044175182133858
-2.1980283610131903 -260.86531505394873 1.9379805717494165 0.7044177664575885 0.061610277128586834 0.06161028211695587 -0.7044174594574655
-2.198028362365167 -261.05867835641084 1.9379795032776599 0.7044177040507204 0.061610991141519966 0.061610995638168416 -0.7044173970075874
-2.1980283587784397 -261.2520414278524 1.9379785133595249 0.704417645236787 0.06161166227186117 0.06161166807190289 -0.7044173383077366
-2.1980283587784397 -261.4454008028524 1.9379814888332874 0.704417645236787 0.06161166227186117 0.06161166807190289 -0.7044173383077366
-2.1980283583185627 -261.638763874294 1.9379800792961248 0.7044175864719299 0.06161233397052586 0.061612339937428054 -0.7044172795575081
-2.1980283619267684 -261.8321269457356 1.9379784027385938 0.7044175277711249 0.06161300640856818 0.0616130110636859 -0.7044172207419268
-2.1980283619267684 -262.0254863207356 1.9379808441425155 0.7044175277711249 0.06161300640856818 0.0616130110636859 -0.7044172207419268
-2.1980283632118693 -262.21884939217716 1.93797890055734 0.7044174690327221 0.06161367842447275 0.061613682612194895 -0.7044171619626423
-2.1980283634253026 -262.41221246361874 1.9379766899372441 0.7044174102766244 0.06161435024566995 0.06161435435552234 -0.704417103199752
-2.1980283634253026 -262.60557183861874 1.9379786354337227 0.7044174102766244 0.06161435024566995 0.06161435435552234 -0.704417103199752
-2.1980283630112565 -262.7989349100603 1.937976234081674 0.7044173515098991 0.0616150219528878 0.061615026212942126 -0.7044170444461879
-2.1980283630112565 -262.9922942850603 1.9379779888461997 0.7044173515098991 0.0616150219528878 0.061615026212942126 -0.7044170444461879
-2.1980283630112565 -263.1856536600603 1.937979476575805 0.7044173515098991 0.0616150219528878 0.061615026212942126 -0.7044170444461879
-2.198028360429205 -263.3790167315019 1.9379766174568829 0.7044172927080422 0.06161569326615267 0.06161569846442636 -0.7044169857264548
-2.198028360429205 -263.57301697564253 1.9379779907502268 0.7044172927080422 0.06161569326615267 0.06161569846442636 -0.7044169857264548
-2.198028360429205 -263.76832947564253 1.9379792496000334 0.7044172927080422 0.06161569326615267 0.06161569846442636 -0.7044169857264548
-2.1980283603606288 -263.9636456720841 1.9379760471650513 0.7044172339455091 0.061616365036267634 0.061616370259173714 -0.704416926966097
-2.1980283603606288 -264.1589581720841 1.9379770008393677 0.7044172339455091 0.061616365036267634 0.061616370259173714 -0.704416926966097
-2.1980283603606288 -264.3542706720841 1.9379778782179926 0.7044172339455091 0.061616365036267634 0.061616370259173714 -0.704416926966097
-2.1980283603606288 -264.5495831720841 1.937978831892309 0.7044172339455091 0.061616365036267634 0.061616370259173714 -0.704416926966097
-2.1980283791201534 -264.7448993685328 1.9379754005620342 0.7044171754816352 0.0616170402294924 0.06161703863348494 -0.7044168679055548
-2.1980283791201534 -264.9402118685328 1.9379763542363506 0.7044171754816352 0.0616170402294924 0.06161703863348494 -0.7044168679055548
-2.1980283791201534 -265.1355243685328 1.9379771934671297 0.7044171754816352 0.0616170402294924 0.06161703863348494 -0.7044168679055548
-2.1980283791201534 -265.3308368685328 1.9379779564094932 0.7044171754816352 0.0616170402294924 0.06161703863348494 -0.7044168679055548
-2.1980283514457146 -265.52615306497086 1.9379742199160552 0.704417116278844 0.06161770698205586 0.06161771544472677 -0.7044168095829653
-2.1980283514457146 -265.72146556497086 1.9379746776829285 0.704417116278844 0.06161770698205586 0.06161771544472677 -0.7044168095829653
-2.1980283514457146 -265.91677806497086 1.937975097301956 0.704417116278844 0.06161770698205586 0.06161771544472677 -0.7044168095829653
-2.1980283514457146 -266.11209056497086 1.9379755169137076 0.704417116278844 0.06161770698205586 0.06161771544472677 -0.7044168095829653
-2.1980283514457146 -266.30740306497086 1.937975974680581 0.704417116278844 0.06161770698205586 0.06161771544472677 -0.7044168095829653
-2.1980283514457146 -266.50271556497086 1.9379765087358698 0.704417116278844 0.06161770698205586 0.06161771544472677 -0.7044168095829653
-2.1980283514457146 -266.69802806497086 1.9379770046505889 0.704417116278844 0.06161770698205586 0.06161771544472677 -0.7044168095829653
-2.1980283514457146 -266.89334056497086 1.9379774624101862 0.704417116278844 0.06161770698205586 0.06161771544472677 -0.7044168095829653
-2.1980283514457146 -267.08865306497086 1.9379778820292137 0.704417116278844 0.06161770698205586 0.06161771544472677 -0.7044168095829653
-2.1980283654338755 -267.28396926141244 1.9379739166518681 0.7044170577378965 0.061618381306977145 0.06161838468500488 -0.704416750597119
-2.1980283654338755 -267.47928176141244 1.9379742599752041 0.7044170577378965 0.061618381306977145 0.06161838468500488 -0.704416750597119
-2.1980283654338755 -267.67459426141244 1.9379745651506943 0.7044170577378965 0.061618381306977145 0.06161838468500488 -0.704416750597119
-2.1980283654338755 -267.86990676141244 1.9379748703261845 0.7044170577378965 0.061618381306977145 0.06161838468500488 -0.704416750597119
-2.1980283654338755 -268.06521926141244 1.9379750992059832 0.7044170577378965 0.061618381306977145 0.06161838468500488 -0.704416750597119
-2.1980283654338755 -268.26053176141244 1.937975480677165 0.7044170577378965 0.061618381306977145 0.06161838468500488 -0.704416750597119
-2.1980283654338755 -268.45584426141244 1.9379757477048094 0.7044170577378965 0.061618381306977145 0.06161838468500488 -0.704416750597119
-2.1980283654338755 -268.65115676141244 1.937975824000501 0.7044170577378965 0.061618381306977145 0.06161838468500488 -0.704416750597119
-2.1980283654338755 -268.84646926141244 1.9379760910281454 0.7044170577378965 0.061618381306977145 0.06161838468500488 -0.704416750597119
-2.1980286038524546 -269.04178176141244 1.937976319907944 0.7044170577378965 0.061618381306977145 0.06161838468500488 -0.704416750597119
-2.1980286038524546 -269.23709426141244 1.9379763580557898 0.7044170577378965 0.061618381306977145 0.06161838468500488 -0.704416750597119
-2.1980283654338755 -269.43240676141244 1.937976510647173 0.7044170577378965 0.061618381306977145 0.06161838468500488 -0.704416750597119
-2.1980283654338755 -269.62771926141244 1.9379766250834343 0.7044170577378965 0.061618381306977145 0.06161838468500488 -0.704416750597119
-2.1980283654338755 -269.82303176141244 1.937977006554616 0.7044170577378965 0.061618381306977145 0.06161838468500488 -0.704416750597119
-2.1980283654338755 -270.01834426141244 1.9379772735822605 0.7044170577378965 0.061618381306977145 0.06161838468500488 -0.704416750597119
-2.1980283654338755 -270.21365676141244 1.9379771209981533 0.7044170577378965 0.061618381306977145 0.06161838468500488 -0.704416750597119
-2.1980283654338755 -270.40896926141244 1.9379767395269716 0.7044170577378965 0.061618381306977145 0.06161838468500488 -0.704416750597119
-2.1980283654338755 -270.60428176141244 1.9379765487877427 0.7044170577378965 0.061618381306977145 0.06161838468500488 -0.704416750597119
-2.1980283654338755 -270.79959426141244 1.9379765487877427 0.7044170577378965 0.061618381306977145 0.06161838468500488 -0.704416750597119
-2.1980283654338755 -270.99490676141244 1.9379765869355885 0.7044170577378965 0.061618381306977145 0.06161838468500488 -0.704416750597119
-2.1980283654338755 -271.19021926141244 1.93797666323128 0.7044170577378965 0.061618381306977145 0.06161838468500488 -0.704416750597119
-2.1980283654338755 -271.38553176141244 1.9379767013791258 0.7044170577378965 0.061618381306977145 0.06161838468500488 -0.704416750597119
-2.1980283654338755 -271.58084426141244 1.9379768158226631 0.7044170577378965 0.061618381306977145 0.06161838468500488 -0.704416750597119
-2.1980283654338755 -271.77615676141244 1.9379771591387231 0.7044170577378965 0.061618381306977145 0.06161838468500488 -0.704416750597119
-2.1980283654338755 -271.97146926141244 1.9379776169055964 0.7044170577378965 0.061618381306977145 0.06161838468500488 -0.704416750597119
-2.198028376963205 -272.166785457854 1.9379735752325593 0.7044169991571982 0.06161905518509094 0.061619054372200305 -0.7044166916497224
-2.198028376963205 -272.362097957854 1.9379736896760966 0.7044169991571982 0.06161905518509094 0.061619054372200305 -0.7044166916497224
-2.198028376963205 -272.557410457854 1.9379736896760966 0.7044169991571982 0.06161905518509094 0.061619054372200305 -0.7044166916497224
-2.198028376963205 -272.752722957854 1.9379736515282509 0.7044169991571982 0.06161905518509094 0.061619054372200305 -0.7044166916497224
-2.198028376963205 -272.948035457854 1.9379736515282509 0.7044169991571982 0.06161905518509094 0.061619054372200305 -0.7044166916497224
-2.198028615381784 -273.143347957854 1.937973613380405 0.7044169991571982 0.06161905518509094 0.061619054372200305 -0.7044166916497224
-2.198028615381784 -273.338660457854 1.9379735752325593 0.7044169991571982 0.06161905518509094 0.061619054372200305 -0.7044166916497224
-2.198028376963205 -273.533972957854 1.9379735752325593 0.7044169991571982 0.06161905518509094 0.061619054372200305 -0.7044166916497224
-2.198028376963205 -273.729285457854 1.9379735752325593 0.7044169991571982 0.06161905518509094 0.061619054372200305 -0.7044166916497224
-2.198028376963205 -273.924597957854 1.9379735752325593 0.7044169991571982 0.06161905518509094 0.061619054372200305 -0.7044166916497224
-2.198028376963205 -274.119910457854 1.9379735752325593 0.7044169991571982 0.06161905518509094 0.061619054372200305 -0.7044166916497224
-2.198028376963205 -274.315222957854 1.9379735752325593 0.7044169991571982 0.06161905518509094 0.061619054372200305 -0.7044166916497224
-2.198028376963205 -274.510535457854 1.9379735752325593 0.7044169991571982 0.06161905518509094 0.061619054372200305 -0.7044166916497224
-2.198028376963205 -274.705847957854 1.9379735752325593 0.7044169991571982 0.06161905518509094 0.061619054372200305 -0.7044166916497224
-2.198028376963205 -274.901160457854 1.9379735752325593 0.7044169991571982 0.06161905518509094 0.061619054372200305 -0.7044166916497224
-2.198028376963205 -275.096472957854 1.9379735752325593 0.7044169991571982 0.06161905518509094 0.061619054372200305 -0.7044166916497224
-2.198028376963205 -275.291785457854 1.9379735752325593 0.7044169991571982 0.06161905518509094 0.061619054372200305 -0.7044166916497224
-2.198028376963205 -275.487097957854 1.9379735752325593 0.7044169991571982 0.06161905518509094 0.061619054372200305 -0.7044166916497224
-2.198028376963205 -275.682410457854 1.9379735752325593 0.7044169991571982 0.06161905518509094 0.061619054372200305 -0.7044166916497224
-2.198028376963205 -275.877722957854 1.9379735752325593 0.7044169991571982 0.06161905518509094 0.061619054372200305 -0.7044166916497224
-2.198028376963205 -276.073035457854 1.9379735752325593 0.7044169991571982 0.06161905518509094 0.061619054372200305 -0.7044166916497224
-2.198028376963205 -276.268347957854 1.9379735752325593 0.7044169991571982 0.06161905518509094 0.061619054372200305 -0.7044166916497224
-2.198028376963205 -276.463660457854 1.9379735752325593 0.7044169991571982 0.06161905518509094 0.061619054372200305 -0.7044166916497224
-2.198028376963205 -276.658972957854 1.9379735752325593 0.7044169991571982 0.06161905518509094 0.061619054372200305 -0.7044166916497224
-2.198028376963205 -276.854285457854 1.9379735752325593 0.7044169991571982 0.06161905518509094 0.061619054372200305 -0.7044166916497224
-2.198028376963205 -277.049597957854 1.9379735752325593 0.7044169991571982 0.06161905518509094 0.061619054372200305 -0.7044166916497224
-2.198028376963205 -277.244910457854 1.9379735752325593 0.7044169991571982 0.06161905518509094 0.061619054372200305 -0.7044166916497224
-2.198028376963205 -277.440222957854 1.9379735752325593 0.7044169991571982 0.06161905518509094 0.061619054372200305 -0.7044166916497224
-2.198028376963205 -277.635535457854 1.9379735752325593 0.7044169991571982 0.06161905518509094 0.061619054372200305 -0.7044166916497224
-2.198028376963205 -277.830847957854 1.9379735752325593 0.7044169991571982 0.06161905518509094 0.061619054372200305 -0.7044166916497224
-2.198028376963205 -278.026160457854 1.9379735752325593 0.7044169991571982 0.06161905518509094 0.061619054372200305 -0.7044166916497224
-2.198028376963205 -278.221472957854 1.9379735752325593 0.7044169991571982 0.06161905518509094 0.061619054372200305 -0.7044166916497224
-2.198028376963205 -278.416785457854 1.9379735752325593 0.7044169991571982 0.06161905518509094 0.061619054372200305 -0.7044166916497224
-2.198028376963205 -278.612097957854 1.9379735752325593 0.7044169991571982 0.06161905518509094 0.061619054372200305 -0.7044166916497224
-2.198028376963205 -278.807410457854 1.9379735752325593 0.7044169991571982 0.06161905518509094 0.061619054372200305 -0.7044166916497224
-2.198028376963205 -279.002722957854 1.9379735752325593 0.7044169991571982 0.06161905518509094 0.061619054372200305 -0.7044166916497224
-2.198028376963205 -279.198035457854 1.9379735752325593 0.7044169991571982 0.06161905518509094 0.061619054372200305 -0.7044166916497224
-2.198028376963205 -279.393347957854 1.9379735752325593 0.7044169991571982 0.06161905518509094 0.061619054372200305 -0.7044166916497224
-2.198028376963205 -279.588660457854 1.9379735752325593 0.7044169991571982 0.06161905518509094 0.061619054372200305 -0.7044166916497224
-2.198028376963205 -279.783972957854 1.9379735752325593 0.7044169991571982 0.06161905518509094 0.061619054372200305 -0.7044166916497224
-2.198028376963205 -279.979285457854 1.9379735752325593 0.7044169991571982 0.06161905518509094 0.061619054372200305 -0.7044166916497224
-2.198028376963205 -280.174597957854 1.9379735752325593 0.7044169991571982 0.06161905518509094 0.061619054372200305 -0.7044166916497224
-2.198028376963205 -280.369910457854 1.9379735752325593 0.7044169991571982 0.06161905518509094 0.061619054372200305 -0.7044166916497224
-2.198028376963205 -280.565222957854 1.9379735752325593 0.7044169991571982 0.06161905518509094 0.061619054372200305 -0.7044166916497224
-2.198028376963205 -280.760535457854 1.9379735752325593 0.7044169991571982 0.06161905518509094 0.061619054372200305 -0.7044166916497224
-2.198028376963205 -280.955847957854 1.9379735752325593 0.7044169991571982 0.06161905518509094 0.061619054372200305 -0.7044166916497224
-2.198028376963205 -281.151160457854 1.9379735752325593 0.7044169991571982 0.06161905518509094 0.061619054372200305 -0.7044166916497224
-2.198028376963205 -281.346472957854 1.9379735752325593 0.7044169991571982 0.06161905518509094 0.061619054372200305 -0.7044166916497224
-2.1980283552737943 -281.54159563064803 1.9379704046264041 0.704416620503205 0.061623375846115866 0.06162338291490593 -0.7044163136855186
-2.1980291320775573 -281.72787233911174 1.9378493855791135 0.7044010250660301 0.061800438270909336 0.0618004306838259 -0.704400886202412
-2.1980288345941608 -281.8945750848879 1.9376079460527844 0.7043700362070657 0.06215309979552272 0.06215310967020223 -0.7043698142579568
-2.198029617070007 -282.04018395116555 1.9374007857667708 -0.7043432088834221 -0.062454964455308896 -0.06245496172531587 0.7043432396712412
-2.1980285371753943 -282.1659412782059 1.9373050132489718 0.7043311234002335 0.06259298497930864 0.06259301217195826 -0.7043308183434728
-2.1980277591957553 -282.2738776665811 1.9373162573852036 0.7043327592243721 0.06257551275309649 0.06257555477532788 -0.7043322862340115
-2.198028838969137 -282.3662028278278 1.9373922936130588 0.7043423136885145 0.06246599860723115 0.062466010769810155 -0.704342176548031
-2.1980282993832825 -282.44476836745713 1.9374865352351265 0.7043544962231746 0.06232942192554773 0.06232944900403818 -0.7043541911563229
-2.198028268531974 -282.5113889162116 1.937570075105148 0.704365334998607 0.06220728847900703 0.0622073228792795 -0.7043649459566984
-2.1980282688119352 -282.567309062482 1.937634150119648 0.7043734787436828 0.06211500899778546 0.06211504334708806 -0.7043730896972974
-2.1980296190036177 -282.61383367037257 1.9376768861804292 -0.704378889820048 -0.06205125419974371 -0.062051250749314966 0.7043789205452995
-2.198029423429117 -282.6519170495138 1.9377084154339947 -0.7043828004014271 -0.06200637795959116 -0.062006362854941675 0.7043829147249931
-2.1980293148000123 -282.68234301375355 1.937730853447355 -0.7043855662203247 -0.061973058622139074 -0.06197301200370756 0.7043860162500941
-2.198029586698021 -282.70576641254246 1.9377476784421162 -0.7043877032456268 -0.06194829157019422 -0.06194823668074289 0.7043882371675664
-2.1980297429428997 -282.7224488699318 1.9377603559510503 -0.7043891287909456 -0.06192971130098459 -0.06192961916421902 0.7043900825320327
-2.1980380147907095 -282.7260655620183 1.9376830227277138 -0.7043709810045566 -0.06204603116854046 -0.062041105885793923 0.704388182975395
-2.198038978848588 -282.7257762050651 1.9377257967398898 -0.7043764683542392 -0.0619822548273558 -0.061977335972048755 0.704393924406744
-2.1980348057083505 -282.7251243794425 1.937833780308054 -0.7043903663737747 -0.06182414416834546 -0.061820639934834595 0.7044076912099403
-2.1980324182100226 -282.7245337154246 1.9379298745263611 -0.7044026438085703 -0.061682802043573126 -0.061680595450170204 0.7044200816788674
-2.198031028242403 -282.72420620608625 1.9379861239315517 -0.7044097640232915 -0.061600758001337234 -0.06159922792306244 0.7044272610295502
-2.1980299925983875 -282.72409949332706 1.9379997526220447 -0.7044119280626958 -0.06157563026973236 -0.06157447600141689 0.7044294579764759
-2.1980299936745653 -282.72414338857084 1.9379979871193993 -0.7044112307062044 -0.06158360774569357 -0.061582453284754195 0.7044287605992718
-2.1980299936745653 -282.72414338857084 1.9379979871193993 -0.7044112307062044 -0.06158360774569357 -0.061582453284754195 0.7044287605992718
-2.1980299936745653 -282.72414338857084 1.9379979871193993 -0.7044112307062044 -0.06158360774569357 -0.061582453284754195 0.7044287605992718
-2.1980299936745653 -282.72414338857084 1.9379979871193993 -0.7044112307062044 -0.06158360774569357 -0.061582453284754195 0.7044287605992718
-2.1980299936745653 -282.72414338857084 1.9379979871193993 -0.7044112307062044 -0.06158360774569357 -0.061582453284754195 0.7044287605992718
-2.1980299936745653 -282.72414338857084 1.9379979871193993 -0.7044112307062044 -0.06158360774569357 -0.061582453284754195 0.7044287605992718
-2.1980299936745653 -282.72414338857084 1.9379979871193993 -0.7044112307062044 -0.06158360774569357 -0.061582453284754195 0.7044287605992718
-2.1980299936745653 -282.72414338857084 1.9379979871193993 -0.7044112307062044 -0.06158360774569357 -0.061582453284754195 0.7044287605992718
-2.1980299936745653 -282.72414338857084 1.9379979871193993 -0.7044112307062044 -0.06158360774569357 -0.061582453284754195 0.7044287605992718
