-2.296565561506874 -259.32636906427115 1.9370295811677352 -0.6888816312080713 -0.06295816942303671 -0.06026933426520696 0.7196151571737742
-2.3949141623623067 -259.31992297875775 1.9370295811677352 -0.6730193828777858 -0.06425795497896561 -0.05888156733471242 0.7344717738081793
-2.4928880072436144 -259.3091931022385 1.9370295811677352 -0.6568368068202125 -0.06552715782224182 -0.05746577535899137 0.7489788284433385
-2.59030133392649 -259.29419963174803 1.9370295811677352 -0.6403414622626022 -0.06676518429188617 -0.05602261968474448 0.7631295355033254
-2.686968211878007 -259.274971381722 1.9370295811677352 -0.6235413224037947 -0.06797143513062985 -0.054552797876494134 0.7769170454463307
-2.78270306401334 -259.2515451107632 1.9370295811677352 -0.6064446244798287 -0.06914531982632807 -0.05305703059902473 0.7903346086877687
-2.8773241506842098 -259.22396552164105 1.9370295811677352 -0.58905944697727 -0.07028628540034002 -0.051536024628341226 0.8033759046529598
-2.9706522232099175 -259.1922849919984 1.9370295811677352 -0.5713939252255625 -0.07139379866702657 -0.0499904917135561 0.8160348390022655
-3.062509884304589 -259.1565635743509 1.9370295811677352 -0.5534563906017124 -0.0724673370625666 -0.048421160755721324 0.82830543880398
-3.1527226315906205 -259.1168689960874 1.9370295811677352 -0.5352552909192844 -0.07350639408396097 -0.046828770842767944 0.8401819147024299
-3.241118117040749 -259.0732771980574 1.9370295811677352 -0.5167994371723661 -0.0745104661025263 -0.0452140928368061 0.851658510195521
-3.327529445827011 -259.02587044951457 1.9370295811677352 -0.49809732743220225 -0.07547908966542131 -0.04357787022274417 0.8627299279931272
-3.411790531002822 -258.97473950246695 1.9370295811677352 -0.4791581445438384 -0.07641178807524479 -0.04192090639543619 0.8733907194191125
-3.493738113206419 -258.919983860971 1.9370295811677352 -0.4599916165640854 -0.07730808490905747 -0.0402440524495857 0.8836354389344557
-3.5732205800325687 -258.8617049141396 1.9370295811677352 -0.4406058504798957 -0.07816760252666821 -0.038548017654658435 0.8934597700920935
-3.5732205800325687 -258.8617049141396 1.9370295811677352 -0.4406058504798957 -0.07816760252666821 -0.038548017654658435 0.8934597700920935
-3.7241876226915878 -258.73502857551364 1.9370295811677352 -0.40121411157888454 -0.0797746533632235 -0.035101687005734926 0.9118284448952529
-3.7953835155787914 -258.6668732788387 1.9370295811677352 -0.38122720305827484 -0.08052140834030967 -0.03335305906156363 0.9203638931957804
-3.8635381390192833 -258.59567819383284 1.9370295811677352 -0.36105907772713014 -0.08122983178551964 -0.03158857670056102 0.9284612100895562
-3.9285237131084756 -258.52157635162973 1.9370295811677352 -0.34071866627022246 -0.08189960928847961 -0.029809021256415436 0.9361168018496248
-3.9902144776452246 -258.4447111511738 1.9370295811677352 -0.32021629480008124 -0.08253040004550463 -0.02801529614692683 0.9433267730721081
-4.048493155182854 -258.3652292229353 1.9370295811677352 -0.2995617706745333 -0.08312190378501305 -0.026208259404738775 0.9500876916371811
-4.103249739207087 -258.2832802942627 1.9370295811677352 -0.2787645306038056 -0.08367385060589799 -0.02438873663503111 0.9563964725611281
-4.154380147667084 -258.1990201516152 1.9370295811677352 -0.2578344226214424 -0.08418597810216781 -0.02255758942911161 0.9622501165297911
-4.201786761563028 -258.11260929409303 1.9370295811677352 -0.23678145057103417 -0.08465804045092577 -0.020715693009900994 0.9676458137746508
-4.24537896353371 -258.0242128661146 1.9370295811677352 -0.21561579537975406 -0.08508980896376336 -0.01886393809312622 0.972580950375281
-4.2850735417972174 -257.93400011882864 1.9370295811677352 -0.19434775204012825 -0.08548107437763085 -0.0170032253739397 0.977053134444119
-4.320794690150933 -257.84214326561533 1.9370295811677352 -0.17298755601268764 -0.08583165012280601 -0.015134450339119058 0.981060233479518
-4.352475219793604 -257.7488157316772 1.9370295811677352 -0.15154502904462652 -0.08614137602027164 -0.0132584722802144 0.9846004166269645
-4.380055212856377 -257.65419356783116 1.9370295811677352 -0.1300300166874205 -0.08641010879835596 -0.011376152571380633 0.9876720462837845
-4.403481483815213 -257.55845848006373 1.9370295811677352 -0.1084531283352522 -0.08663771492189995 -0.009488419414351369 0.9902735961361518
-4.422709733841231 -257.4617921406998 1.9370295811677352 -0.08682450212947661 -0.08682408713279835 -0.007596159781579451 0.9924038402183345
-4.437703069684844 -257.3643790833107 1.9370295811677352 -0.06515455374828598 -0.08696913533906053 -0.00570028492684511 0.994061748774185
-4.448433080850933 -257.26640523842946 1.9370295811677352 -0.04345370438797438 -0.08707279010632246 -0.0038017065866999327 0.9952465281653042
-4.454879166364364 -257.168056637574 1.9370295811677352 -0.021732181024815233 -0.08713500292080385 -0.0019013195056451827 0.9959576238766554
-4.457029342651367 -257.0695176246941 1.9370295811677352 3.1272192626510274e-07 -0.08715574421614616 2.7359623848698803e-08 0.99619469796322
-4.45487930101126 -256.9709819869511 1.9370295811677352 0.02173206164974683 -0.08713500314869461 0.0019013090616798126 0.9959576264814586
-4.448433080850933 -256.8726333692648 1.9370295811677352 0.04345358945292508 -0.08707279054535816 0.0038016965311859063 0.995246533183505
-4.43770320433174 -256.77465954121436 1.9370295811677352 0.06515443330513537 -0.08696913602972149 0.005700274389434654 0.9940617566684756
-4.422709733841231 -256.6772459452377 1.9370295811677352 0.08682450212947661 -0.08682408713279835 0.007596159781579451 0.9924038402183345
-4.403481618462109 -256.5805801107996 1.9370295811677352 0.10845301443139928 -0.08663771601328213 0.009488409449055338 0.990273608610707
-4.380055347503273 -256.4848450566939 1.9370295811677352 0.13002989507254295 -0.08641011019913343 0.01137614193145735 0.9876720622947439
-4.3524754890873965 -256.39022343143546 1.9370295811677352 0.15154478526480772 -0.08614137930296913 0.013258450952243497 0.9846004541483678
-4.320794690150933 -256.29689482032217 1.9370295811677352 0.17298755601268764 -0.08583165012280601 0.015134450339119058 0.981060233479518
-4.2850735417972174 -256.20503796710886 1.9370295811677352 0.19434775204012825 -0.08548107437763085 0.0170032253739397 0.977053134444119
-4.2453795021212954 -256.1148261623511 1.9370295811677352 0.21561556678015872 -0.08508981339762178 0.0188639180932528 0.9725810010545136
-4.201787030856821 -256.0264292631086 1.9370295811677352 0.23678133552443859 -0.08465804291388206 0.020715682944627934 0.9676458419263694
-4.154380147667084 -255.94001793432233 1.9370295811677352 0.2578344226214424 -0.08418597810216781 0.02255758942911161 0.9622501165297911
-4.103250008500879 -255.85575819561546 1.9370295811677352 0.27876442847963917 -0.08367385321013063 0.024388727700324117 0.956396502327643
-4.048493424476646 -255.7738094015898 1.9370295811677352 0.2995616395599827 -0.08312190740181953 0.026208247933701776 0.9500877329774676
-3.9902148815859135 -255.69432733870434 1.9370295811677352 0.32021618183053097 -0.0825304034005189 0.028015286263371693 0.9433268114200959
-3.9285241170491645 -255.61746213824847 1.9370295811677352 0.3407185521122405 -0.08189961292364252 0.02980901126888599 0.9361168433997261
-3.8635381390192833 -255.54335989210466 1.9370295811677352 0.36105907772713014 -0.08122983178551964 0.03158857670056102 0.9284612100895562
-3.7953839195194803 -255.4721652110395 1.9370295811677352 0.3812270866869643 -0.08052141255748782 0.033353048880393026 0.9203639413983463
-3.7241884305729656 -255.40401018365833 1.9370295811677352 0.4012139039631976 -0.07977466135558067 0.03510166884171564 0.911828536248312
-3.6500857804884532 -255.33902393633466 1.9370295811677352 0.4210102736675307 -0.07898992142474234 0.03683362679921806 0.9028589179470511
-3.5732209839732576 -255.2773335757386 1.9370295811677352 0.44060573120513624 -0.07816760767273624 0.03854800721946896 0.8934598289119194
-3.493738113206419 -255.2190542249665 1.9370295811677352 0.4599916165640854 -0.07730808490905747 0.0402440524495857 0.8836354389344557
-3.4117910695904072 -255.1642989874112 1.9370295811677352 0.4791580093365256 -0.0764117945649085 0.041920894566328894 0.873390793596307
-3.327529445827011 -255.11316763642293 1.9370295811677352 0.49809732743220225 -0.07547908966542131 0.04357787022274417 0.8627299279931272
-3.241119059569023 -255.0657612918208 1.9370295811677352 0.5167992532154113 -0.07451047586869985 0.045214076742657705 0.8516586218233935
-3.1527226315906205 -255.0221690898501 1.9370295811677352 0.5352552909192844 -0.07350639408396097 0.046828770842767944 0.8401819147024299
-3.062510355568726 -254.9824747808804 1.9370295811677352 0.5534562835008653 -0.07246734332347757 0.04842115138561119 0.8283055103665187
-2.9706522232099175 -254.9467530939391 1.9370295811677352 0.5713939252255625 -0.07139379866702657 0.0499904917135561 0.8160348390022655
-2.877324689271795 -254.91507269894333 1.9370295811677352 0.5890593528134483 -0.07028629144088518 0.05153601639007418 0.8033759736967059
-2.78270306401334 -254.88749297517433 1.9370295811677352 0.6064446244798287 -0.06914531982632807 0.05305703059902473 0.7903346086877687
-2.6869692890531773 -254.8640669735093 1.9370295811677352 0.6235411274321119 -0.06797144882095643 0.05455278081868189 0.7769172019274768
-2.5903024111016606 -254.84483858883638 1.9370295811677352 0.6403412868502859 -0.06676519716919564 0.0560226043381551 0.7631296826916437
-2.492888781463268 -254.82984511834587 1.9370295811677352 0.656836671941158 -0.06552716817090286 0.05746576355860295 0.7489789467290736
-2.3949141623623067 -254.81911510717978 1.9370295811677352 0.6730193828777858 -0.06425795497896561 0.05888156733471242 0.7344717738081793
-2.296565561506874 -254.81266902166635 1.9370295811677352 0.6888816312080713 -0.06295816942303671 0.06026933426520696 0.7196151571737742
-2.198028839865322 -254.81051898002625 1.9370295811677352 0.7044160948893324 -0.06162841175485267 0.061628423754347156 0.7044159577344851
-2.0994929305874024 -254.81266902166635 1.9370295811677352 0.7196151670005039 -0.060269333367123916 0.06295817028276417 0.6888816209429353
-2.0011437911443846 -254.8191152418267 1.9370295811677352 0.7344718765727719 -0.05888155752304317 0.06425796396970264 0.6730192707298951
-1.903169946263077 -254.82984511834587 1.9370295811677352 0.7489789252702794 -0.05746576569936949 0.06552716629350161 0.6568366964102311
-1.8057571581677863 -254.84483845418947 1.9370295811677352 0.7631295435098695 -0.0560226188499424 0.06676518499236803 0.6403414527207709
-1.7090913237297158 -254.8640664349217 1.9370295811677352 0.7769169001508885 -0.05455281371495905 0.06797142241892559 0.623541503438274
-1.6133559666685215 -254.88749284052744 1.9370295811677352 0.7903345420754531 -0.05305703819399575 0.0691453139985055 0.6064447112907433
-1.5187345433804111 -254.9150724296495 1.9370295811677352 0.8033758742255143 -0.051536028258928994 0.07028628273828343 0.5890594884750773
-1.4254057302967738 -254.9467533632329 1.9370295811677352 0.8160349267168266 -0.0499904807539073 0.07139380634105642 0.5713937999562055
-1.3335478672317578 -254.9824749155273 1.9370295811677352 0.8283055544136261 -0.04842114561825931 0.0724673471771002 0.5534562175797327
-1.243336331767793 -255.02216882055632 1.9370295811677352 0.8401818523113485 -0.04682877941090898 0.07350638862544855 0.5352553888535829
-1.1549394325252536 -255.0657614264677 1.9370295811677352 0.851658641898238 -0.04521407384833022 0.07451047762502121 0.5167992201330973
-1.0685291135907136 -255.11316763642293 1.9370295811677352 0.8627299279931272 -0.04357787022274417 0.07547908966542131 0.49809732743220225
-0.9842688362962804 -255.16429804488294 1.9370295811677352 0.8733906152932776 -0.04192092300047416 0.07641177896541448 0.4791583343402877
-0.9023197729768242 -255.21905476355408 1.9370295811677352 0.8836355294515094 -0.040244037236913374 0.07730809282827365 0.45999144268244796
-0.8228386526196374 -255.27733263321034 1.9370295811677352 0.8934596851900863 -0.03854803271706567 0.07816759509870494 0.44060602264399523
-0.7459731828699603 -255.33902366704086 1.9370295811677352 0.902858875300462 -0.03683363480056738 0.07898991769364921 0.42101036512337037
-0.671870532785448 -255.40400991436454 1.9370295811677352 0.9118284965503454 -0.03510167673498996 0.07977465788245856 0.4012139941837344
-0.600675851720311 -255.47216399921746 1.9370295811677352 0.9203637967905891 -0.03335307942390643 0.0805213999059482 0.38122743580091417
-0.5325210936329228 -255.54335921887017 1.9370295811677352 0.9284611353650687 -0.03158859351181456 0.08122982524797398 0.36105926988063414
-0.4675344423685601 -255.61746227289535 1.9370295811677352 0.9361168535539298 -0.029809008828087333 0.08189961381202024 0.3407185242137846
-0.4058435431849148 -255.69432747335125 1.9370295811677352 0.9433268242027546 -0.028015282968853486 0.08253040451885664 0.3202161441740162
-0.3475655388817671 -255.77380859370845 1.9370295811677352 0.9500876709670303 -0.026208265140257276 0.08312190197660915 0.29956183623180865
-0.29280895485753433 -255.85575765702788 1.9370295811677352 0.9563964618317818 -0.02438873985554721 0.0836738496672018 0.2787645674144725
-0.24167854639753727 -255.94001779967545 1.9370295811677352 0.9622501067867845 -0.022557592610317843 0.08418597724976516 0.25783445898279544
-0.19427152856090402 -256.02642939775546 1.9370295811677352 0.9676458489830027 -0.020715680421621637 0.08465804353125748 0.23678130668634512
-0.15067959588401436 -256.11482508517594 1.9370295811677352 0.9725809439494292 -0.01886394062900015 0.08508980840157417 0.2156158243649252
-0.11098515226740346 -256.2050376978151 1.9370295811677352 0.977053121707986 -0.01700323097574444 0.08548107326336357 0.19434781606904836
-0.07526400391368782 -256.2968945510284 1.9370295811677352 0.9810602222596113 -0.015134455906125947 0.08583164914119135 0.17298761964386647
-0.043583070330328155 -256.3902231621417 1.9370295811677352 0.984600445115593 -0.013258456086669814 0.0861413785127037 0.15154484395156806
-0.016003346561348053 -256.48484492204705 1.9370295811677352 0.9876720579093701 -0.01137614484571481 0.08641010981546292 0.13002992838265756
0.007423059044384672 -256.5805800434762 1.9370295811677352 0.9902736069946311 -0.009488410740057905 0.0866377158718938 0.10845302918762591
0.026651174423506063 -256.6772460462229 1.9370295811677352 0.992403842159013 -0.0075961578409098705 0.08682408730258573 0.08682447994752217
0.04164451026711902 -256.7746589353033 1.9370295811677352 0.9940617478033063 -0.005700286222786222 0.08696913525411964 0.06515456856096041
0.05237452143320809 -256.8726328811698 1.9370295811677352 0.9952465284890595 -0.003801705937957097 0.08707279013464739 0.04345369697280996
0.058820741593535786 -256.9709828369096 1.9370295811677352 0.9959576305698319 -0.001901292669219256 0.08713500350638093 0.021731874283068477
0.06097078323364258 -257.06951904296875 1.9370295811677352 0.9961946979632691 0.0 0.08715574421615047 0.0
0.058820741593535786 -257.1680552574433 1.9370295811677352 0.9959576305293532 0.0019012928315208467 0.0871350035028395 -0.021731876138184118
0.05237452143320809 -257.26640407709993 1.9370295811677352 0.9952465393348301 0.0038016842050717322 0.08707279108352937 -0.04345344856479778
0.041644644914015316 -257.3643783427528 1.9370295811677352 0.9940617595811048 0.005700270501611316 0.08696913628454352 -0.06515438886711203
0.026651309070402363 -257.4617914001419 1.9370295811677352 0.9924038546763496 0.007596145323619486 0.08682408839771079 -0.0868243368742408
0.0074231936912809715 -257.5584575711972 1.9370295811677352 0.9902736186611372 0.009488401420263394 0.08663771689258085 -0.108452922661889
-0.016003211914451754 -257.65419269262634 1.9370295811677352 0.9876720719827232 0.011376135493402398 0.0864101110467218 -0.13002982148523934
-0.04358280103653556 -257.748814048591 1.9370295811677352 0.984600475862376 0.013258438609519198 0.08614138120269871 -0.1515446441868258
-0.07526346532610262 -257.8421422557636 1.9370295811677352 0.9810602748723471 0.015134429801125424 0.08583165374420937 -0.17298732126235022
-0.11098488297361087 -257.9339998495348 1.9370295811677352 0.9770531471802476 0.017003219772135085 0.08548107549189773 -0.1943476880112096
-0.15067919194332546 -258.02421219288016 1.9370295811677352 0.9725809867782496 0.01886392372718948 0.08508981214861049 -0.21561563117634855
-0.19427125926711142 -258.11260821691786 1.9370295811677352 0.9676458771347023 0.02071567035634891 0.0846580459942121 -0.2367811916397534
-0.24167800780995208 -258.19901934373377 1.9370295811677352 0.9622501688109795 0.022557572358680406 0.08418598267617919 -0.25783422750552426
-0.29280868556374173 -258.2832800249689 1.9370295811677352 0.9563964915983014 0.024388730920840016 0.08367385227143487 -0.2787644652903037
-0.3475648656472856 -258.3652284150539 1.9370295811677352 0.9500877564624751 0.0262082414171168 0.08312190945649149 -0.29956156507507686
-0.4058431392442259 -258.44471007399864 1.9370295811677352 0.9433268720938991 0.028015270625701593 0.08253040870878894 -0.3202160030911469
-0.4675340384278712 -258.52157527445456 1.9370295811677352 0.9361169052582085 0.02980899639975968 0.08189961833555856 -0.34071838215735195
-0.5325205550453376 -258.5956783284797 1.9370295811677352 0.928461195144663 0.03158858006281159 0.08122983047801088 -0.3610591161578294
-0.6006747745451406 -258.6668730095449 1.9370295811677352 0.9203639253308267 0.0333530522741165 0.08052141115176198 -0.3812271254774005
-0.6718699941978628 -258.7350277676323 1.9370295811677352 0.9118285534666659 0.035101665418134274 0.07977466286199146 -0.40121386483148425
-0.7459729135761677 -258.8000141496028 1.9370295811677352 0.902858912096246 0.0368336278969457 0.07898992091286322 -0.4210102862146148
-0.8228382486789485 -258.86170504878646 1.9370295811677352 0.8934597440099442 0.03854802228187556 0.07816760024477577 -0.4406059033692285
-0.9023195036830316 -258.91998318773653 1.9370295811677352 0.8836355574330298 0.04024403253422122 0.07730809527633951 -0.4599913889304316
-0.9842678937680063 -258.97473936782006 1.9370295811677352 0.8733907415334202 0.04192090286884711 0.07641179000999604 -0.4791581042347414
-1.0685285750031284 -259.02587018022075 1.9370295811677352 0.8627299919638315 0.04357786052895346 0.07547909526213284 -0.4980972166316693
-1.1549399037893906 -259.0732769287636 1.9370295811677352 0.851658578383406 0.04521408300569664 0.07451047206819333 -0.5167993248022728
-1.243335860503656 -259.1168689960874 1.9370295811677352 0.8401819197836582 0.046828770144964886 0.07350639452851085 -0.5352552829433591
-1.333548405819343 -259.156563439704 1.9370295811677352 0.8283054773405357 0.04842115570990048 0.07246734043407842 -0.5534563329277172
-1.4254057302967738 -259.1922847227046 1.9370295811677352 0.8160349267168266 0.0499904807539073 0.07139380634105642 -0.5713937999562055
-1.518734072116274 -259.22396538699417 1.9370295811677352 0.8033759543885558 0.05153601869391372 0.0702862897516409 -0.5890593791464543
-1.6133546201995586 -259.25154484146935 1.9370295811677352 0.7903347349782229 0.05305701619969564 0.06914533087531131 -0.6064444598947468
-1.7090907851421306 -259.2749715163689 1.9370295811677352 0.776916978391525 0.05455280518605119 0.06797142926409441 -0.6235414059524128
-1.805756619580201 -259.29419963174803 1.9370295811677352 0.7631296075622086 0.05602261217152624 0.06676519059622166 -0.6403413763861262
-1.9031694076754917 -259.30919283294475 1.9370295811677352 0.7489790135136686 0.05746575689605498 0.06552717401379793 -0.6568365957878876
-2.001143521850592 -259.3199228441108 1.9370295811677352 0.7344719133314512 0.05888155401342894 0.06425796718567041 -0.6730192306148215
-2.0994929305874024 -259.32636906427115 1.9370295811677352 0.7196151670005039 0.060269333367123916 0.06295817028276417 -0.6888816209429353
-2.1980285705715294 -259.32851910591125 1.9370295811677352 0.7044161368757835 0.061628408081513195 0.06162842742768571 -0.7044159157480235
-2.296565561506874 -259.32636906427115 1.9370295811677352 -0.6888816312080713 -0.06295816942303671 -0.06026933426520696 0.7196151571737742
-2.3949141623623067 -259.31992297875775 1.9370295811677352 -0.6730193828777858 -0.06425795497896561 -0.05888156733471242 0.7344717738081793
-2.4928880072436144 -259.3091931022385 1.9370295811677352 -0.6568368068202125 -0.06552715782224182 -0.05746577535899137 0.7489788284433385
-2.59030133392649 -259.29419963174803 1.9370295811677352 -0.6403414622626022 -0.06676518429188617 -0.05602261968474448 0.7631295355033254
-2.686968211878007 -259.274971381722 1.9370295811677352 -0.6235413224037947 -0.06797143513062985 -0.054552797876494134 0.7769170454463307
-2.78270306401334 -259.2515451107632 1.9370295811677352 -0.6064446244798287 -0.06914531982632807 -0.05305703059902473 0.7903346086877687
-2.8773241506842098 -259.22396552164105 1.9370295811677352 -0.58905944697727 -0.07028628540034002 -0.051536024628341226 0.8033759046529598
-2.9706522232099175 -259.1922849919984 1.9370295811677352 -0.5713939252255625 -0.07139379866702657 -0.0499904917135561 0.8160348390022655
-3.062509884304589 -259.1565635743509 1.9370295811677352 -0.5534563906017124 -0.0724673370625666 -0.048421160755721324 0.82830543880398
-3.1527226315906205 -259.1168689960874 1.9370295811677352 -0.5352552909192844 -0.07350639408396097 -0.046828770842767944 0.8401819147024299
-3.241118117040749 -259.0732771980574 1.9370295811677352 -0.5167994371723661 -0.0745104661025263 -0.0452140928368061 0.851658510195521
-3.327529445827011 -259.02587044951457 1.9370295811677352 -0.49809732743220225 -0.07547908966542131 -0.04357787022274417 0.8627299279931272
-3.411790531002822 -258.97473950246695 1.9370295811677352 -0.4791581445438384 -0.07641178807524479 -0.04192090639543619 0.8733907194191125
-3.493738113206419 -258.919983860971 1.9370295811677352 -0.4599916165640854 -0.07730808490905747 -0.0402440524495857 0.8836354389344557
-3.5732205800325687 -258.8617049141396 1.9370295811677352 -0.4406058504798957 -0.07816760252666821 -0.038548017654658435 0.8934597700920935
-3.6500857804884532 -258.8000141496028 1.9370295811677352 -0.4210102736675307 -0.07898992142474234 -0.03683362679921806 0.9028589179470511
-3.7241876226915878 -258.73502857551364 1.9370295811677352 -0.40121411157888454 -0.0797746533632235 -0.035101687005734926 0.9118284448952529
-3.7953835155787914 -258.6668732788387 1.9370295811677352 -0.38122720305827484 -0.08052140834030967 -0.03335305906156363 0.9203638931957804
-3.8635381390192833 -258.59567819383284 1.9370295811677352 -0.36105907772713014 -0.08122983178551964 -0.03158857670056102 0.9284612100895562
-3.9285237131084756 -258.52157635162973 1.9370295811677352 -0.34071866627022246 -0.08189960928847961 -0.029809021256415436 0.9361168018496248
-3.9902144776452246 -258.4447111511738 1.9370295811677352 -0.32021629480008124 -0.08253040004550463 -0.02801529614692683 0.9433267730721081
-4.048493155182854 -258.3652292229353 1.9370295811677352 -0.2995617706745333 -0.08312190378501305 -0.026208259404738775 0.9500876916371811
-4.103249739207087 -258.2832802942627 1.9370295811677352 -0.2787645306038056 -0.08367385060589799 -0.02438873663503111 0.9563964725611281
-4.154380147667084 -258.1990201516152 1.9370295811677352 -0.2578344226214424 -0.08418597810216781 -0.02255758942911161 0.9622501165297911
-4.201786761563028 -258.11260929409303 1.9370295811677352 -0.23678145057103417 -0.08465804045092577 -0.020715693009900994 0.9676458137746508
-4.24537896353371 -258.0242128661146 1.9370295811677352 -0.21561579537975406 -0.08508980896376336 -0.01886393809312622 0.972580950375281
-4.24537896353371 -258.0242128661146 1.9370295811677352 -0.21561579537975406 -0.08508980896376336 -0.01886393809312622 0.972580950375281
-4.24537896353371 -258.0242128661146 1.9370295811677352 -0.21561579537975406 -0.08508980896376336 -0.01886393809312622 0.972580950375281
-4.24537896353371 -258.0242128661146 1.9370295811677352 -0.21561579537975406 -0.08508980896376336 -0.01886393809312622 0.972580950375281
-4.24537896353371 -258.0242128661146 1.9370295811677352 -0.21561579537975406 -0.08508980896376336 -0.01886393809312622 0.972580950375281
-4.24537896353371 -258.0242128661146 1.9370295811677352 -0.21561579537975406 -0.08508980896376336 -0.01886393809312622 0.972580950375281
-4.24537896353371 -258.0242128661146 1.9370295811677352 -0.21561579537975406 -0.08508980896376336 -0.01886393809312622 0.972580950375281
-4.24537896353371 -258.0242128661146 1.9370295811677352 -0.21561579537975406 -0.08508980896376336 -0.01886393809312622 0.972580950375281
-4.24537896353371 -258.0242128661146 1.9370295811677352 -0.21561579537975406 -0.08508980896376336 -0.01886393809312622 0.972580950375281
-4.24537896353371 -258.0242128661146 1.9370295811677352 -0.21561579537975406 -0.08508980896376336 -0.01886393809312622 0.972580950375281
-4.24537896353371 -258.0242128661146 1.9370295811677352 -0.21561579537975406 -0.08508980896376336 -0.01886393809312622 0.972580950375281
-4.24537896353371 -258.0242128661146 1.9370295811677352 -0.21561579537975406 -0.08508980896376336 -0.01886393809312622 0.972580950375281
-4.24537896353371 -258.0242128661146 1.9370295811677352 -0.21561579537975406 -0.08508980896376336 -0.01886393809312622 0.972580950375281
-4.24537896353371 -258.0242128661146 1.9370295811677352 -0.21561579537975406 -0.08508980896376336 -0.01886393809312622 0.972580950375281
-4.24537896353371 -258.0242128661146 1.9370295811677352 -0.21561579537975406 -0.08508980896376336 -0.01886393809312622 0.972580950375281
-4.24537896353371 -258.0242128661146 1.9370295811677352 -0.21561579537975406 -0.08508980896376336 -0.01886393809312622 0.972580950375281
-4.24537896353371 -258.0242128661146 1.9370295811677352 -0.21561579537975406 -0.08508980896376336 -0.01886393809312622 0.972580950375281
-4.24537896353371 -258.0242128661146 1.9370295811677352 -0.21561579537975406 -0.08508980896376336 -0.01886393809312622 0.972580950375281
-4.24537896353371 -258.0242128661146 1.9370295811677352 -0.21561579537975406 -0.08508980896376336 -0.01886393809312622 0.972580950375281
-4.24537896353371 -258.0242128661146 1.9370295811677352 -0.21561579537975406 -0.08508980896376336 -0.01886393809312622 0.972580950375281
-4.24537896353371 -258.0242128661146 1.9370295811677352 -0.21561579537975406 -0.08508980896376336 -0.01886393809312622 0.972580950375281
-4.24537896353371 -258.0242128661146 1.9370295811677352 -0.21561579537975406 -0.08508980896376336 -0.01886393809312622 0.972580950375281
-4.24537896353371 -258.0242128661146 1.9370295811677352 -0.21561579537975406 -0.08508980896376336 -0.01886393809312622 0.972580950375281
-4.24537896353371 -258.0242128661146 1.9370295811677352 -0.21561579537975406 -0.08508980896376336 -0.01886393809312622 0.972580950375281
-4.24537896353371 -258.0242128661146 1.9370295811677352 -0.21561579537975406 -0.08508980896376336 -0.01886393809312622 0.972580950375281
-4.24537896353371 -258.0242128661146 1.9370295811677352 -0.21561579537975406 -0.08508980896376336 -0.01886393809312622 0.972580950375281
-4.24537896353371 -258.0242128661146 1.9370295811677352 -0.21561579537975406 -0.08508980896376336 -0.01886393809312622 0.972580950375281
-4.24537896353371 -258.0242128661146 1.9370295811677352 -0.21561579537975406 -0.08508980896376336 -0.01886393809312622 0.972580950375281
-4.24537896353371 -258.0242128661146 1.9370295811677352 -0.21561579537975406 -0.08508980896376336 -0.01886393809312622 0.972580950375281
-4.24537896353371 -258.0242128661146 1.9370295811677352 -0.21561579537975406 -0.08508980896376336 -0.01886393809312622 0.972580950375281
-4.24537896353371 -258.0242128661146 1.9370295811677352 -0.21561579537975406 -0.08508980896376336 -0.01886393809312622 0.972580950375281
